date,open,high,close,low,volume,price_change,p_change,ma5,ma10,ma20,v_ma5,v_ma10,v_ma20,turnover
2016-10-14,18.6,18.64,18.5,18.3,198355.45,-0.18,-0.96,18.6,18.225,18.594,246156.8,249313.11,275517.29,0.36
2016-10-13,18.62,18.73,18.68,18.53,195918.88,0.11,0.59,18.492,18.218,18.674,233512.01,244857.19,285772.54,0.36
2016-10-12,18.52,18.67,18.56,18.43,192795.28,-0.09,-0.48,18.352,18.212,18.741,250466.61,248591.8,294870.02,0.35
2016-10-11,18.63,18.82,18.65,18.5,266041.78,0.03,0.16,18.204,18.221,18.812,249595.57,257141.27,300305.68,0.49
2016-10-10,18.13,18.7,18.61,18.0,377672.62,0.66,3.68,18.038,18.209,18.881,252064.01,249780.75,303586.84,0.69
2016-09-30,17.88,18.04,17.96,17.86,135131.48,-0.02,-0.11,17.85,18.217,18.945,252469.41,231320.36,304523.69,0.25
2016-09-29,17.94,18.2,17.98,17.84,280691.88,0.15,0.84,17.944,18.28,19.068,256202.37,243182.05,319838.93,0.52
2016-09-28,17.8,17.98,17.82,17.71,188440.11,0.02,0.11,18.072,18.374,19.182,246716.98,246738.12,325931.53,0.35
2016-09-27,17.67,17.97,17.82,17.66,278383.97,0.14,0.79,18.238,18.498,19.292,264686.96,311587.74,328460.99,0.51
2016-09-26,18.41,18.42,17.67,17.65,379699.62,-0.76,-4.12,18.38,18.721,19.398,247497.49,319790.49,332924.52,0.7
2016-09-23,18.69,18.69,18.43,18.42,153796.25,-0.17,-0.91,18.584,18.963,19.524,210171.31,301721.46,338001.25,0.28
2016-09-22,18.77,18.8,18.62,18.58,233264.97,-0.02,-0.11,18.616,19.13,19.609,230161.73,326687.88,358734.7,0.43
2016-09-21,18.51,18.79,18.65,18.4,278290.0,0.13,0.7,18.676,19.269,19.708,246759.26,341148.25,370631.77,0.51
2016-09-20,18.72,18.72,18.53,18.49,192436.61,-0.15,-0.8,18.758,19.403,19.799,358488.52,343470.09,380148.17,0.35
2016-09-19,18.58,18.82,18.69,18.55,193068.7,0.09,0.48,19.062,19.552,19.909,392083.48,357392.92,404487.88,0.35
2016-09-14,18.72,18.85,18.59,18.55,253748.38,-0.32,-1.69,19.342,19.672,20.005,393271.62,377727.02,470877.66,0.47
2016-09-13,19.0,19.07,18.92,18.66,316252.62,-0.14,-0.73,19.644,19.856,20.137,423214.03,396495.81,511924.26,0.58
2016-09-12,19.64,19.69,19.06,18.5,836936.31,-0.98,-4.89,19.862,19.989,20.276,435537.23,405124.94,579267.73,1.54
2016-09-09,20.11,20.39,20.05,19.98,360411.41,-0.04,-0.2,20.048,20.086,20.394,328451.65,345334.23,606210.02,0.66
2016-09-08,20.07,20.17,20.09,19.92,199009.39,-0.02,-0.1,20.042,20.074,20.366,322702.36,346058.56,600225.56,0.37
2016-09-07,20.01,20.4,20.1,19.96,403460.44,0.09,0.45,20.002,20.084,20.316,362182.43,374281.04,605677.03,0.74
2016-09-06,19.92,20.1,20.01,19.63,377868.59,0.01,0.05,20.068,20.088,20.258,369777.59,390781.53,595530.42,0.69
2016-09-05,20.06,20.21,19.99,19.87,301508.41,-0.03,-0.15,20.116,20.147,20.209,374712.65,400115.29,587126.57,0.55
2016-09-02,19.81,20.19,20.02,19.76,331664.97,0.1,0.5,20.124,20.194,20.149,362216.82,416826.24,579948.18,0.61
2016-09-01,20.38,20.47,19.89,19.85,396409.72,-0.53,-2.6,20.106,20.265,20.083,369414.75,451582.84,573969.46,0.73
2016-08-31,20.18,20.51,20.43,20.03,441436.28,0.23,1.14,20.166,20.337,20.045,386379.65,564028.29,563890.84,0.81
2016-08-30,20.06,20.35,20.25,19.91,402543.88,0.23,1.15,20.108,20.417,19.985,411785.46,627352.7,553340.48,0.74
2016-08-29,19.8,20.12,20.03,19.8,239029.25,0.11,0.55,20.178,20.562,19.919,425517.93,753410.52,539128.15,0.44
2016-08-26,20.26,20.3,19.93,19.85,367654.62,-0.25,-1.24,20.264,20.702,19.855,471435.67,867085.81,536941.88,0.68
2016-08-25,20.02,20.33,20.19,19.85,481234.22,0.07,0.35,20.424,20.658,19.801,533750.92,854392.56,531153.94,0.88
2016-08-24,20.6,20.67,20.14,19.95,568465.31,-0.45,-2.19,20.508,20.548,19.756,741676.93,837073.02,531910.06,1.04
2016-08-23,20.42,20.81,20.6,20.2,471206.25,0.18,0.88,20.726,20.427,19.746,842919.94,800279.32,527124.09,0.87
2016-08-22,20.52,20.68,20.46,20.29,468617.94,-0.26,-1.25,20.946,20.271,19.734,1081303.11,774137.84,515172.82,0.86
2016-08-19,20.5,20.84,20.73,20.35,679230.88,0.11,0.53,21.14,20.103,19.713,1262735.95,743070.12,499966.2,1.25
2016-08-18,21.11,21.55,20.61,20.21,1520864.25,-0.63,-2.97,20.892,19.9,19.686,1175034.21,696356.08,478724.09,2.79
2016-08-17,21.69,22.05,21.23,20.88,1074680.38,-0.47,-2.17,20.588,19.752,19.679,932469.11,563753.39,418988.33,1.97
2016-08-16,21.5,22.35,21.7,21.33,1663122.12,0.27,1.26,20.128,19.553,19.622,757638.69,479328.27,374235.07,3.06
2016-08-15,19.69,21.43,21.43,19.69,1375782.12,1.95,10.01,19.596,19.275,19.551,466972.57,324845.77,304333.03,2.53
2016-08-12,19.06,19.49,19.49,19.02,240722.16,0.4,2.1,19.066,19.008,19.481,223404.28,206797.95,256291.91,0.44
2016-08-11,18.99,19.36,19.09,18.96,308038.75,0.15,0.79,18.908,18.944,19.548,217677.95,207915.32,256133.4,0.57
2016-08-10,19.09,19.25,18.93,18.9,200528.3,-0.08,-0.42,18.916,18.964,19.652,195037.68,226747.1,256092.18,0.37
2016-08-09,18.71,19.19,19.04,18.71,209791.5,0.27,1.44,18.978,19.065,19.766,201017.85,253968.87,276213.35,0.39
2016-08-08,18.65,18.78,18.78,18.33,157940.7,0.08,0.43,18.954,19.197,19.852,182718.98,256207.8,292525.61,0.29
2016-08-05,18.6,18.86,18.7,18.43,212090.48,0.07,0.38,18.95,19.322,19.922,190191.61,256862.28,311794.71,0.39
2016-08-04,19.15,19.25,19.13,18.89,194837.41,-0.1,-0.52,18.98,19.471,19.992,198152.69,261092.11,316389.09,0.36
2016-08-03,18.75,19.27,19.24,18.75,230429.14,0.33,1.75,19.012,19.605,20.03,258456.53,274223.27,327879.5,0.42
2016-08-02,18.86,18.98,18.92,18.72,118297.18,0.17,0.91,19.152,19.69,20.078,306919.9,269141.88,337478.64,0.22
2016-08-01,18.84,18.98,18.76,18.48,195303.83,-0.09,-0.48,19.44,19.827,20.154,329696.61,283820.28,362559.45,0.36
2016-07-29,19.31,19.32,18.85,18.7,251895.88,-0.44,-2.28,19.694,19.954,20.236,323532.95,305785.87,396457.86,0.46
2016-07-28,19.68,19.68,19.29,18.66,496356.62,-0.65,-3.26,19.962,20.152,20.239,324031.53,304351.49,396369.35,0.91
2016-07-27,20.35,20.43,19.94,19.0,472745.97,-0.41,-2.02,20.198,20.339,20.221,289990.01,285437.25,396557.67,0.87
2016-07-26,19.95,20.39,20.36,19.87,232180.75,0.33,1.65,20.228,20.466,20.154,231363.86,298457.84,391282.91,0.43
2016-07-25,20.2,20.28,20.03,19.9,164485.53,-0.16,-0.79,20.214,20.507,20.07,237943.96,328843.42,400529.97,0.3
2016-07-22,20.48,20.48,20.19,20.02,254388.8,-0.29,-1.42,20.214,20.522,19.985,288038.79,366727.15,404582.6,0.47
2016-07-21,20.08,20.8,20.47,20.08,326149.0,0.39,1.94,20.342,20.513,19.874,284671.44,371686.07,409649.72,0.6
2016-07-20,20.28,20.47,20.09,20.07,179615.2,-0.21,-1.03,20.48,20.455,19.759,280884.49,381535.73,402991.88,0.33
2016-07-19,20.03,20.36,20.29,19.8,265081.25,0.27,1.35,20.704,20.465,19.667,365551.82,405815.41,407162.43,0.49
2016-07-18,20.5,20.67,20.03,19.82,414959.72,-0.8,-3.84,20.8,20.481,19.544,419742.89,441298.63,418799.18,0.76
2016-07-15,21.1,21.28,20.83,20.75,237552.02,-0.33,-1.56,20.83,20.518,19.424,445415.5,487129.85,406726.45,0.44
2016-07-14,21.3,21.48,21.16,20.96,307214.28,-0.06,-0.28,20.684,20.325,19.259,458700.71,488387.21,408934.39,0.56
2016-07-13,20.86,21.9,21.21,20.86,602951.81,0.45,2.17,20.43,20.102,19.067,482186.97,507678.09,402932.52,1.11
2016-07-12,20.15,20.98,20.77,19.89,536036.62,0.6,2.98,20.226,19.842,18.884,446079.01,484107.97,392381.28,0.98
2016-07-11,20.2,21.0,20.18,20.04,543322.75,0.08,0.4,20.162,19.633,18.71,462854.36,472216.52,376909.75,1.0
2016-07-08,19.9,20.3,20.1,19.82,303978.09,0.2,1.0,20.206,19.447,18.563,528844.21,442438.05,362562.65,0.56
2016-07-07,20.3,20.32,19.89,19.65,424645.59,-0.31,-1.53,19.966,19.234,18.458,518073.71,447613.36,367302.7,0.78
2016-07-06,20.36,20.55,20.19,20.0,422412.0,-0.3,-1.46,19.774,19.062,18.393,533169.2,424448.03,356220.36,0.78
2016-07-05,20.16,21.1,20.45,20.14,619913.38,0.05,0.24,19.458,18.869,18.316,522136.94,408509.45,348303.0,1.14
2016-07-04,18.8,20.77,20.4,18.63,873272.0,1.52,8.05,19.104,18.606,18.226,481578.67,396299.74,335936.58,1.6
2016-07-01,18.98,19.28,18.9,18.81,250125.56,-0.02,-0.11,18.688,18.33,18.124,356031.88,326323.05,307296.49,0.46
2016-06-30,18.71,19.4,18.93,18.71,500123.06,0.39,2.1,18.502,18.192,18.083,377153.02,329481.58,316368.59,0.92
2016-06-29,18.8,19.01,18.61,18.51,367250.69,-0.07,-0.38,18.35,18.032,18.061,315726.86,298186.95,321829.98,0.67
2016-06-28,18.2,18.88,18.68,17.99,417122.06,0.38,2.08,18.28,17.926,17.981,294881.96,300654.58,312853.53,0.77
2016-06-27,17.88,18.4,18.32,17.86,245538.05,0.38,2.12,18.108,17.787,17.895,311020.81,281602.98,299026.76,0.45
2016-06-24,18.19,18.65,17.97,17.51,355731.25,-0.2,-1.1,17.972,17.678,17.832,296614.22,282687.24,298553.3,0.65
2016-06-23,18.09,18.33,18.17,18.0,192992.27,-0.09,-0.49,17.882,17.681,17.78,281810.13,286992.04,296737.16,0.35
2016-06-22,17.8,18.4,18.26,17.64,263026.16,0.44,2.47,17.714,17.723,17.698,280647.04,287992.7,295910.28,0.48
2016-06-21,17.9,18.67,17.82,17.76,497816.31,0.18,1.02,17.572,17.762,17.609,306427.21,288096.55,300787.95,0.91
2016-06-20,17.84,17.97,17.64,17.52,173505.12,0.14,0.8,17.466,17.846,17.53,252185.16,275573.43,288514.83,0.32
2016-06-17,17.35,17.78,17.52,17.34,281710.81,0.2,1.16,17.384,17.917,17.445,268760.27,288269.92,288351.52,0.52
2016-06-16,17.47,17.7,17.33,17.21,187176.81,-0.21,-1.2,17.48,17.973,17.366,292173.95,303255.61,290715.75,0.34
2016-06-15,16.94,18.12,17.55,16.85,391927.0,0.27,1.56,17.732,18.089,17.296,295338.35,345473.01,293745.54,0.72
2016-06-14,17.11,17.55,17.29,16.92,226606.05,0.06,0.35,17.952,18.035,17.208,269765.89,325052.48,281273.76,0.42
2016-06-13,17.6,18.06,17.23,17.2,256380.66,-0.76,-4.22,18.226,18.003,17.128,298961.69,316450.54,278212.52,0.47
2016-06-08,18.49,18.5,18.0,17.68,398779.22,-0.58,-3.12,18.45,17.985,17.062,307779.57,314419.35,276967.19,0.73
2016-06-07,18.62,19.12,18.59,18.55,202998.84,-0.06,-0.32,18.466,17.878,16.959,314337.27,306482.28,272874.0,0.37
2016-06-06,18.58,19.13,18.65,18.55,264064.69,0.0,0.0,18.446,17.672,16.83,395607.68,303827.86,279183.21,0.49
2016-06-03,18.32,19.14,18.66,18.14,372585.06,0.31,1.69,18.118,17.455,16.714,380339.07,313479.36,286598.22,0.68
2016-06-02,18.12,18.6,18.35,18.05,300470.03,0.27,1.49,17.78,17.213,16.621,333939.39,301456.23,286101.48,0.55
2016-06-01,18.48,18.7,18.08,18.07,431567.72,-0.4,-2.17,17.52,16.972,16.592,321059.14,288433.13,282919.1,0.79
2016-05-31,17.0,18.59,18.49,17.0,609350.88,1.5,8.83,17.29,16.758,16.578,298627.29,278175.88,273190.77,1.12
2016-05-30,16.97,17.07,17.01,16.64,187721.64,0.04,0.24,16.898,16.502,16.541,212048.04,242018.06,258748.52,0.34
2016-05-27,17.0,17.09,16.97,16.92,140586.7,-0.08,-0.47,16.792,16.381,16.561,246619.65,237495.04,258576.83,0.26
2016-05-26,16.86,17.19,17.05,16.81,236068.75,0.11,0.65,16.646,16.253,16.588,268973.07,239974.5,270955.77,0.43
2016-05-25,16.6,17.04,16.93,16.6,319408.47,0.41,2.48,16.424,16.139,16.616,255807.12,239515.03,277438.13,0.59
2016-05-24,16.39,16.59,16.53,16.37,176454.62,0.04,0.24,16.226,16.039,16.667,257724.48,239265.71,275199.65,0.32
2016-05-23,16.18,16.71,16.48,16.18,360579.69,0.24,1.48,16.106,15.987,16.724,271988.07,254538.55,290034.59,0.66
2016-05-20,15.8,16.26,16.24,15.7,252353.84,0.31,1.95,15.97,15.972,16.811,228370.44,259717.08,299299.29,0.46
2016-05-19,15.82,16.02,15.94,15.7,170238.98,-0.01,-0.06,15.86,16.029,16.889,210975.93,270746.73,324213.04,0.31
2016-05-18,15.77,16.0,15.94,15.51,328995.28,0.02,0.13,15.854,16.212,16.972,223222.94,277405.07,351543.65,0.6
2016-05-17,15.89,16.14,15.93,15.73,247772.58,0.14,0.89,15.852,16.398,17.062,220806.94,268205.65,356321.37,0.46
2016-05-16,15.68,15.8,15.8,15.53,142491.53,0.12,0.77,15.868,16.58,17.146,237089.03,275478.99,375186.89,0.26
2016-05-13,15.9,16.02,15.69,15.54,165381.27,-0.21,-1.32,15.974,16.741,17.261,291063.71,279658.62,393908.32,0.3
2016-05-12,15.6,15.95,15.91,15.58,231474.06,-0.03,-0.19,16.198,16.922,17.376,330517.54,301937.04,420575.58,0.43
2016-05-11,16.16,16.35,15.93,15.92,316915.28,-0.08,-0.5,16.57,17.093,17.46,331587.19,315361.23,458093.91,0.58
2016-05-10,16.05,16.48,16.01,15.92,329183.03,-0.33,-2.02,16.944,17.294,17.513,315604.37,311133.6,460823.39,0.6
2016-05-09,16.51,16.72,16.33,16.19,412364.91,-0.48,-2.85,17.292,17.461,17.567,313868.95,325530.62,486072.17,0.76
2016-05-06,17.72,17.89,16.81,16.8,362650.41,-0.94,-5.3,17.508,17.649,17.575,268253.52,338881.51,483352.54,0.67
2016-05-05,17.67,17.86,17.77,17.55,236822.34,-0.03,-0.17,17.646,17.749,17.576,273356.54,377679.36,485624.6,0.44
2016-05-04,17.55,17.93,17.8,17.55,237001.14,0.06,0.34,17.616,17.731,17.551,299135.27,425682.23,492597.79,0.44
2016-05-03,17.4,17.99,17.75,17.38,320505.94,0.34,1.95,17.644,17.725,17.533,306662.83,444437.09,510272.92,0.59
2016-04-29,17.35,17.6,17.41,17.2,184287.78,-0.09,-0.51,17.63,17.712,17.501,337192.3,474894.8,517844.69,0.34
2016-04-28,17.67,17.78,17.5,17.28,388165.5,-0.12,-0.68,17.79,17.781,17.487,409509.49,508158.02,538078.45,0.71
2016-04-27,17.9,18.07,17.62,17.56,365715.97,-0.34,-1.89,17.852,17.829,17.469,482002.17,539214.11,550923.39,0.67
2016-04-26,17.61,18.1,17.94,17.54,274638.94,0.25,1.41,17.846,17.827,17.413,552229.19,600826.59,561362.68,0.5
2016-04-25,18.08,18.14,17.68,17.42,473153.31,-0.53,-2.91,17.806,17.731,17.346,582211.36,610513.18,569309.41,0.87
2016-04-22,17.58,18.28,18.21,17.51,545873.75,0.4,2.25,17.794,17.672,17.309,612597.29,646613.71,573731.28,1.0
2016-04-21,17.23,18.11,17.81,17.2,750628.88,0.23,1.31,17.772,17.5,17.238,606806.54,627823.57,578647.62,1.38
2016-04-20,17.69,17.8,17.59,16.5,716851.06,-0.15,-0.85,17.806,17.402,17.224,596426.06,593569.84,580519.22,1.32
2016-04-19,17.85,17.92,17.74,17.42,424549.78,0.12,0.68,17.808,17.371,17.217,649423.98,559513.35,591007.76,0.78
2016-04-18,17.73,17.95,17.62,17.48,625083.0,-0.47,-2.6,17.656,17.34,17.229,638815.01,576108.74,675563.26,1.15
2016-04-15,17.9,18.32,18.1,17.7,516920.0,0.11,0.61,17.55,17.29,17.165,680630.12,560794.59,705812.57,0.95
2016-04-14,17.7,18.28,17.98,17.6,698726.44,0.39,2.22,17.228,17.193,17.045,648840.59,567998.89,725269.7,1.28
2016-04-13,17.18,18.03,17.6,17.13,981840.69,0.62,3.65,16.998,17.109,16.925,590713.63,562632.66,734293.17,1.8
2016-04-12,17.01,17.17,16.98,16.73,371504.91,-0.1,-0.58,16.934,16.998,16.818,469602.71,521898.79,720707.26,0.68
2016-04-11,17.18,17.48,17.09,17.03,834158.56,0.6,3.64,17.024,16.96,16.721,513402.48,528105.64,731982.84,1.53
2016-04-08,16.65,16.73,16.49,16.28,357972.34,-0.34,-2.02,17.03,16.946,16.597,440959.05,500848.85,702890.61,0.66
2016-04-07,17.35,17.5,16.83,16.78,408091.66,-0.46,-2.66,17.158,16.975,16.493,487157.18,529471.68,698692.89,0.75
2016-04-06,17.31,17.57,17.28,17.07,376286.09,-0.15,-0.86,17.22,17.046,16.406,534551.69,567468.6,700165.4,0.69
2016-04-05,16.91,17.77,17.43,16.91,590503.75,0.3,1.75,17.062,17.062,16.301,574194.86,622502.18,708388.52,1.08
2016-04-01,17.01,17.27,17.12,16.71,471941.41,0.01,0.06,16.896,17.117,16.194,542808.8,775017.78,710192.57,0.87
2016-03-31,17.18,17.62,17.13,17.0,588963.0,-0.01,-0.06,16.862,17.04,16.105,560738.66,850830.55,728533.82,1.08
2016-03-30,16.7,17.26,17.14,16.7,645064.19,0.64,3.88,16.792,16.896,16.008,571786.17,882540.52,729972.27,1.18
2016-03-29,16.55,16.9,16.49,16.12,574501.94,-0.11,-0.66,16.872,16.741,15.911,600385.51,905953.69,737592.39,1.06
2016-03-28,16.99,17.23,16.6,16.56,433573.47,-0.39,-2.29,17.062,16.638,15.795,670809.5,919515.74,738098.87,0.8
2016-03-25,16.75,17.16,16.95,16.61,561590.69,0.17,1.01,17.338,16.481,15.649,1007226.75,935860.03,745359.54,1.03
2016-03-24,17.21,17.36,16.78,16.75,644200.56,-0.74,-4.22,17.218,16.248,15.516,1140922.44,904932.37,735245.71,1.18
2016-03-23,17.29,17.69,17.54,17.06,788060.88,0.11,0.63,17.0,16.011,15.379,1193294.88,867914.1,733100.98,1.45
2016-03-22,17.67,18.05,17.44,17.26,926621.88,-0.54,-3.0,16.61,15.766,15.281,1211521.86,832862.21,711758.24,1.7
2016-03-21,16.91,17.99,17.98,16.88,2115659.75,1.63,9.97,16.214,15.54,15.189,1168221.97,794274.87,681043.01,3.89
2016-03-18,15.7,16.85,16.35,15.6,1230069.12,0.67,4.27,15.624,15.27,15.086,864493.31,645367.37,605458.81,2.26
2016-03-17,15.58,16.14,15.69,15.31,906062.75,0.11,0.71,15.278,15.169,15.044,668942.31,606237.09,563715.51,1.66
2016-03-16,15.12,15.78,15.59,15.12,879195.81,0.15,0.97,15.022,15.119,15.026,542533.32,577404.02,546024.9,1.62
2016-03-15,14.98,15.49,15.46,14.61,710122.44,0.46,3.07,14.922,15.081,15.002,454202.55,569231.09,526809.51,1.3
2016-03-14,14.77,15.53,15.03,14.76,597016.44,0.42,2.88,14.866,14.951,14.972,420327.76,556682.0,514512.85,1.1
2016-03-11,14.21,14.73,14.62,14.21,252314.09,0.21,1.46,14.916,14.817,14.932,426241.42,554859.06,499739.34,0.46
2016-03-10,14.9,15.07,14.41,14.4,274017.81,-0.67,-4.44,15.06,14.783,14.912,543531.87,565559.04,505977.41,0.5
2016-03-09,14.75,15.1,15.09,14.6,437541.97,-0.1,-0.66,15.216,14.746,14.927,612274.72,598287.87,517253.92,0.8
2016-03-08,15.23,15.23,15.18,14.27,540748.5,-0.07,-0.46,15.24,14.795,14.887,684259.62,590654.28,510041.34,0.99
2016-03-07,15.51,15.95,15.28,15.1,626584.75,-0.08,-0.52,15.036,14.837,14.852,693036.24,567811.16,513385.91,1.15
2016-03-04,15.05,15.48,15.34,14.9,838766.31,0.14,0.92,14.718,14.902,14.794,683476.69,565550.24,519681.15,1.54
2016-03-03,15.2,15.73,15.19,14.99,617732.06,-0.04,-0.26,14.506,14.919,14.756,587586.22,521193.94,529738.21,1.13
2016-03-02,14.1,15.36,15.21,14.1,797466.5,1.07,7.57,14.276,14.932,14.66,584301.02,514645.78,521449.73,1.46
2016-03-01,13.75,14.6,14.16,13.41,584631.56,0.53,3.89,14.35,14.923,14.576,497048.93,484387.93,513185.56,1.07
2016-02-29,14.16,14.16,13.69,13.17,578787.0,-0.6,-4.2,14.638,14.992,14.553,442586.07,472343.7,510312.79,1.06
2016-02-26,14.23,14.45,14.28,13.91,359313.97,0.24,1.71,15.086,15.047,14.627,447623.8,444619.62,492684.83,0.66
2016-02-25,15.55,15.55,14.04,14.02,601306.06,-1.54,-9.88,15.332,15.04,14.668,454801.66,446395.78,489635.78,1.1
2016-02-24,15.45,15.69,15.58,15.0,361206.06,0.01,0.06,15.588,15.108,14.71,444990.55,436219.97,478785.12,0.66
2016-02-23,16.0,16.0,15.6,15.3,312317.28,-0.33,-2.07,15.496,14.978,14.708,471726.93,429428.4,484315.53,0.57
2016-02-22,15.7,16.28,15.93,15.5,603975.62,0.44,2.84,15.346,14.866,14.713,502101.32,458960.67,491659.79,1.11
2016-02-19,15.2,15.72,15.51,15.08,395203.28,0.2,1.31,15.008,14.686,14.669,441615.43,473812.05,478339.52,0.73
2016-02-18,15.15,16.16,15.32,15.15,552250.5,0.2,1.32,14.748,14.593,14.642,437989.89,538282.48,481826.98,1.01
2016-02-17,14.86,15.37,15.12,14.76,494887.97,0.26,1.75,14.628,14.387,14.653,427449.38,528253.68,477409.91,0.91
2016-02-16,14.35,15.06,14.85,14.33,464189.25,0.61,4.28,14.46,14.229,14.648,387129.87,541983.18,478143.4,0.85
2016-02-15,13.62,14.53,14.24,13.6,301546.16,0.04,0.28,14.386,14.114,14.663,415820.01,548281.88,484828.48,0.55
2016-02-05,14.45,14.64,14.21,14.18,377075.59,-0.49,-3.33,14.364,14.206,14.707,506008.68,540750.03,502598.99,0.69
2016-02-04,14.39,15.1,14.72,14.38,499547.94,0.44,3.08,14.438,14.296,14.817,638575.06,532875.79,525924.59,0.92
2016-02-03,14.17,14.38,14.28,14.02,293290.41,-0.2,-1.38,14.146,14.312,14.882,629057.97,521350.28,508035.15,0.54
2016-02-02,14.09,14.71,14.48,13.97,607639.94,0.37,2.62,13.998,14.437,15.057,696836.5,539202.65,519634.05,1.12
2016-02-01,14.36,14.46,14.13,13.78,752489.5,-0.45,-3.09,13.842,14.559,15.212,680743.75,524358.9,532124.57,1.38
2016-01-29,13.41,14.58,14.58,13.35,1039907.5,1.33,10.04,14.048,14.652,15.393,575491.39,482866.99,518856.93,1.91
2016-01-28,13.48,13.93,13.26,13.18,451962.5,-0.3,-2.21,14.154,14.69,15.65,427176.53,425371.49,484030.59,0.83
2016-01-27,13.69,13.87,13.54,12.88,632183.06,-0.13,-0.95,14.478,14.919,15.992,413642.59,426566.15,489159.67,1.16
2016-01-26,14.99,15.01,13.7,13.64,527176.19,-1.46,-9.63,14.876,15.067,16.327,381568.81,414303.61,483223.79,0.97
2016-01-25,15.11,15.3,15.16,14.95,226227.72,0.05,0.33,15.276,15.212,16.651,367974.06,421375.09,491023.93,0.42
2016-01-22,15.06,15.24,15.11,14.6,298333.16,0.25,1.68,15.256,15.208,16.965,390242.58,464447.95,498517.59,0.55
2016-01-21,15.26,15.72,14.88,14.68,384292.81,-0.66,-4.25,15.226,15.337,17.283,423566.44,518973.39,522070.42,0.71
2016-01-20,15.59,15.95,15.53,15.46,471814.16,-0.17,-1.08,15.36,15.451,17.64,439489.71,494720.01,566703.13,0.87
2016-01-19,15.12,15.88,15.7,14.96,459202.44,0.64,4.25,15.258,15.677,17.936,447038.41,500065.45,573006.6,0.84
2016-01-18,14.5,15.37,15.06,14.5,337570.31,0.1,0.67,15.148,15.865,18.203,474776.12,539890.23,581823.83,0.62
2016-01-15,15.5,15.56,14.96,14.78,464952.5,-0.57,-3.67,15.16,16.134,18.482,538653.33,554846.88,586450.29,0.85
2016-01-14,14.6,15.72,15.55,14.51,463909.16,0.53,3.53,15.448,16.61,18.779,614380.34,542689.7,601889.5,0.85
2016-01-13,15.37,15.51,15.02,14.83,509557.62,-0.12,-0.79,15.542,17.064,19.035,549950.31,551753.19,605237.61,0.94
2016-01-12,15.25,15.66,15.15,15.02,597891.0,0.05,0.33,16.096,17.587,19.304,553092.49,552143.98,613226.69,1.1
2016-01-11,15.88,16.2,15.12,15.04,656956.38,-1.36,-8.25,16.582,18.09,19.603,605004.34,560672.78,629007.18,1.21
2016-01-08,16.58,17.07,16.4,15.44,843587.56,0.36,2.24,17.108,18.722,19.807,571040.42,532587.23,616735.21,1.55
2016-01-07,17.35,17.39,16.02,16.02,141759.0,-1.78,-10.0,17.772,19.228,19.944,470999.05,525167.44,605450.95,0.26
2016-01-06,17.48,17.87,17.79,17.11,525268.5,0.22,1.25,18.586,19.828,20.092,553556.06,638686.24,614899.42,0.96
2016-01-05,16.88,18.03,17.58,16.58,857450.25,-0.17,-0.96,19.078,20.195,20.155,551195.46,645947.74,606310.57,1.58
2016-01-04,19.64,19.79,17.75,17.75,487136.81,-1.97,-9.99,19.598,20.54,20.25,516341.21,623757.43,585584.61,0.89
2015-12-31,20.0,20.22,19.72,19.65,343380.69,-0.35,-1.74,20.336,20.829,20.352,494134.03,618053.69,589025.19,0.63
2015-12-30,20.3,20.34,20.09,19.56,554544.06,-0.15,-0.74,20.684,20.948,20.393,579335.84,661089.29,617783.09,1.02
2015-12-29,20.14,20.34,20.25,19.87,513465.5,0.08,0.4,21.07,21.005,20.386,723816.43,658722.03,632738.84,0.94
2015-12-28,21.6,21.66,20.18,20.1,683179.0,-1.23,-5.75,21.312,21.021,20.313,740700.03,674309.4,629675.6,1.25
2015-12-25,21.4,21.7,21.44,21.01,376100.88,-0.01,-0.05,21.482,21.116,20.238,731173.64,697341.6,632971.97,0.69
2015-12-24,21.8,22.0,21.46,20.85,769389.75,-0.61,-2.76,21.322,20.892,20.1,741973.36,700883.19,664013.67,1.41
2015-12-23,21.45,23.5,22.02,21.38,1276947.0,0.57,2.66,21.212,20.659,20.066,742842.75,685734.45,656036.48,2.35
2015-12-22,20.92,21.54,21.46,20.86,597883.5,0.44,2.09,20.94,20.356,20.012,593627.63,591112.59,618118.69,1.1
2015-12-21,20.5,21.43,21.03,20.48,635547.06,0.39,1.89,20.73,20.115,19.974,607918.78,566673.39,618022.57,1.17
2015-12-18,20.86,21.12,20.64,20.46,430099.5,-0.27,-1.29,20.75,19.959,19.933,663509.55,547411.79,613124.51,0.79
2015-12-17,20.85,21.31,20.91,20.56,773736.69,0.25,1.21,20.462,19.875,19.926,659793.02,559996.68,613393.74,1.42
2015-12-16,20.67,21.12,20.66,20.36,530871.38,0.12,0.58,20.106,19.838,19.919,628626.14,574476.89,599745.68,0.98
2015-12-15,20.93,21.0,20.41,20.3,669339.25,-0.72,-3.41,19.772,19.766,19.901,588597.56,606755.66,615169.07,1.23
2015-12-14,18.92,21.13,21.13,18.86,913500.94,1.92,9.99,19.5,19.604,19.948,525428.0,585041.8,651772.45,1.68
2015-12-11,18.89,19.51,19.2,18.66,411516.84,0.07,0.37,19.168,19.359,19.96,431314.02,568602.35,653277.03,0.76
2015-12-10,19.05,20.01,19.13,19.02,617902.31,0.16,0.84,19.288,19.308,20.1,460200.33,627144.15,684560.01,1.14
2015-12-09,18.95,19.29,18.99,18.72,330728.44,-0.05,-0.26,19.57,19.473,20.253,520327.63,626338.51,716247.72,0.61
2015-12-08,19.3,19.66,19.05,19.0,353491.47,-0.37,-1.91,19.76,19.668,20.393,624913.76,645124.79,748272.69,0.65
2015-12-07,19.8,19.85,19.47,19.26,442931.06,-0.33,-1.67,19.708,19.833,20.508,644655.61,669371.76,799759.82,0.81
2015-12-04,20.08,20.25,19.8,19.6,555948.38,-0.73,-3.56,19.55,19.906,20.594,705890.68,678837.23,888582.92,1.02
2015-12-03,20.0,20.95,20.54,19.81,918538.81,0.6,3.01,19.328,19.976,20.703,794087.97,666790.81,991262.84,1.69
2015-12-02,18.89,20.0,19.94,18.71,853659.06,1.15,6.12,19.376,19.999,20.699,732349.38,625014.48,1081897.42,1.57
2015-12-01,18.58,18.94,18.79,18.4,452200.72,0.12,0.64,19.576,20.035,20.631,665335.82,623582.48,1082856.32,0.83
2015-11-30,18.62,19.06,18.68,17.57,749106.44,-0.01,-0.05,19.958,20.291,20.538,694087.91,718503.1,1080025.02,1.38
2015-11-27,20.43,20.7,18.69,18.69,996934.81,-2.08,-10.01,20.262,20.561,20.455,651783.78,737951.7,1064616.1,1.83
2015-11-26,21.15,21.75,20.78,20.75,609845.88,-0.16,-0.76,20.624,20.892,20.405,539493.65,741975.87,1044759.68,1.12
2015-11-25,20.3,21.08,20.94,20.28,518591.25,0.24,1.16,20.622,21.033,20.23,517679.58,806156.94,1035965.3,0.95
2015-11-24,20.17,20.99,20.7,20.05,595961.19,0.55,2.73,20.494,21.118,20.057,581829.14,851420.6,1033731.47,1.09
2015-11-23,20.4,21.23,20.2,20.09,537585.75,-0.3,-1.46,20.624,21.183,19.949,742918.28,930147.88,1023900.59,0.99
2015-11-20,20.71,20.85,20.5,20.3,435484.19,-0.28,-1.35,20.86,21.282,19.875,824119.62,1098328.6,1038307.85,0.8
2015-11-19,20.43,20.8,20.77,19.81,500775.53,0.47,2.31,21.16,21.43,19.756,944458.09,1315734.86,1038156.06,0.92
2015-11-18,21.2,21.92,20.3,20.0,839339.06,-1.02,-4.78,21.444,21.398,19.626,1094634.29,1538780.36,1036186.19,1.54
2015-11-17,21.75,22.86,21.35,21.2,1401406.88,-0.02,-0.09,21.742,21.227,19.522,1121012.05,1542130.16,1042078.35,2.57
2015-11-16,20.9,21.54,21.38,20.82,943592.44,-0.62,-2.82,21.742,20.784,19.401,1117377.48,1441546.94,1001149.86,1.73
2015-11-13,21.8,22.74,22.0,21.52,1037176.56,-0.17,-0.77,21.704,20.349,19.248,1372537.59,1391280.51,997516.37,1.91
2015-11-12,21.8,22.79,22.19,21.33,1251656.5,0.41,1.88,21.7,19.917,19.035,1687011.63,1347543.48,993457.06,2.3
2015-11-11,21.28,22.25,21.79,20.86,971227.88,0.42,1.97,21.352,19.426,18.805,1982926.43,1265773.67,963560.01,1.78
2015-11-10,20.74,22.58,21.35,20.66,1383234.0,0.18,0.85,20.712,18.996,18.542,1963248.27,1216042.34,941442.32,2.54
2015-11-09,21.88,22.87,21.19,21.12,2219393.0,-0.71,-3.24,19.826,18.715,18.309,1765716.41,1117653.31,899224.82,4.08
2015-11-06,20.19,22.46,21.98,20.02,2609546.75,1.53,7.48,18.994,18.467,18.095,1410023.43,978287.09,844379.38,4.79
2015-11-05,19.4,20.45,20.45,19.4,2731230.5,1.86,10.01,18.134,18.082,17.773,1008075.33,760577.26,744162.14,5.02
2015-11-04,17.01,18.59,18.59,17.01,872837.12,1.69,10.0,17.5,17.853,17.49,548620.91,533592.03,637034.17,1.6
2015-11-03,17.08,17.27,16.92,16.73,395574.69,-0.12,-0.7,17.28,17.817,17.256,468836.41,542026.55,605480.56,0.73
2015-11-02,17.13,17.72,17.03,17.0,440928.09,-0.65,-3.68,17.604,18.018,17.1,469590.21,560752.78,597636.84,0.81
2015-10-30,17.21,18.15,17.68,16.8,599806.25,0.41,2.37,17.94,18.146,16.952,546550.75,603752.24,584041.96,1.1
2015-10-29,17.7,17.76,17.28,16.99,433958.41,-0.2,-1.14,18.03,18.153,16.769,513079.19,639370.63,569106.54,0.8
2015-10-28,18.35,18.45,17.49,17.4,473914.62,-1.07,-5.76,18.206,18.184,16.618,518563.14,661346.35,559193.37,0.87
2015-10-27,18.49,18.78,18.54,17.65,399343.66,-0.16,-0.86,18.354,18.087,16.454,615216.68,666842.3,553870.99,0.73
2015-10-26,19.0,19.55,18.71,18.62,825730.81,0.57,3.14,18.432,17.902,16.272,651915.35,680796.33,560993.38,1.52
2015-10-23,18.4,18.4,18.13,17.57,432448.47,-0.01,-0.06,18.352,17.723,16.053,660953.73,710471.68,531370.4,0.79
2015-10-22,18.1,18.4,18.16,17.43,461378.16,-0.16,-0.87,18.276,17.464,15.853,765662.07,727747.02,521325.62,0.85
2015-10-21,18.89,19.1,18.23,17.49,957182.31,-0.7,-3.7,18.162,17.126,15.659,804129.55,740476.31,517752.94,1.76
2015-10-20,18.0,18.99,18.93,17.9,582837.0,0.62,3.39,17.82,16.695,15.485,718467.91,668934.58,492427.43,1.07
2015-10-19,17.93,19.1,18.31,17.79,870922.69,0.58,3.27,17.372,16.182,15.227,709677.31,634520.89,484214.91,1.6
2015-10-16,17.7,18.64,17.75,17.56,955990.19,0.16,0.91,17.094,15.758,15.039,759989.62,564331.67,501772.6,1.76
2015-10-15,16.35,17.77,17.59,16.35,653715.56,1.06,6.41,16.652,15.385,14.883,689831.97,498842.45,468049.85,1.2
2015-10-14,16.5,17.24,16.52,16.44,528874.12,-0.17,-1.02,16.09,15.052,14.734,676823.07,457040.38,453923.02,0.97
2015-10-13,16.44,17.12,16.69,16.4,538884.0,-0.21,-1.24,15.57,14.82,14.656,619401.25,440899.67,464093.71,0.99
2015-10-12,15.65,17.11,16.92,15.45,1122484.25,1.37,8.81,14.992,14.641,14.544,559364.47,441190.42,461951.45,2.06
2015-10-09,14.8,15.68,15.54,14.71,605201.94,0.76,5.14,14.422,14.383,14.404,368673.72,352269.13,437849.42,1.11
2015-10-08,15.1,15.1,14.78,14.75,588671.06,0.86,6.18,14.118,14.242,14.366,307852.94,314904.23,480328.09,1.08
2015-09-30,13.83,14.24,13.92,13.8,241765.0,0.09,0.65,14.014,14.191,14.375,237257.69,295029.56,521779.61,0.44
2015-09-29,13.82,14.19,13.8,13.59,238700.12,-0.26,-1.85,14.07,14.274,14.409,262398.1,315920.28,566236.28,0.44
2015-09-28,13.91,14.08,14.07,13.7,169030.5,0.05,0.36,14.29,14.271,14.458,323016.37,333908.92,628600.59,0.31
2015-09-25,14.15,14.22,14.02,13.68,301098.0,-0.21,-1.48,14.344,14.319,14.437,335864.53,439213.53,679756.09,0.55
2015-09-24,14.31,14.37,14.26,14.0,235694.84,0.07,0.49,14.366,14.38,14.355,321955.52,437257.24,730446.58,0.43
2015-09-23,14.58,14.7,14.2,14.1,367467.03,-0.68,-4.57,14.368,14.416,14.271,352801.43,450805.67,794279.84,0.68
2015-09-22,14.32,15.3,14.9,14.31,541791.5,0.58,4.05,14.478,14.492,14.259,369442.47,487287.75,820391.11,1.0
2015-09-21,13.96,14.44,14.34,13.83,233271.27,0.22,1.56,14.252,14.446,14.291,344801.47,482712.48,826316.69,0.43
2015-09-18,14.4,14.46,14.13,14.08,231552.95,-0.14,-0.98,14.294,14.425,14.424,542562.54,523429.71,835569.69,0.43
2015-09-17,14.74,14.95,14.27,14.25,389924.38,-0.47,-3.19,14.394,14.49,14.609,552558.96,645751.95,858102.34,0.72
2015-09-16,13.85,15.01,14.75,13.56,450672.25,0.9,6.5,14.464,14.559,14.78,548809.9,748529.66,888166.39,0.83
2015-09-15,13.9,14.22,13.77,13.34,418586.5,-0.75,-5.17,14.506,14.543,14.992,605133.03,816552.27,889794.75,0.77
2015-09-14,14.53,14.61,14.55,13.15,1222076.62,-0.06,-0.41,14.64,14.645,15.273,620623.49,923292.26,901437.25,2.24
2015-09-11,14.63,14.85,14.63,14.5,281535.06,-0.03,-0.2,14.556,14.555,15.51,504296.87,920298.64,866831.03,0.52
2015-09-10,14.68,14.9,14.62,14.4,371179.09,-0.34,-2.27,14.586,14.33,15.735,738944.94,1023635.92,885472.79,0.68
2015-09-09,14.45,15.16,14.96,14.4,732287.88,0.53,3.67,14.654,14.125,15.968,948249.42,1137754.02,902064.75,1.35
2015-09-08,14.01,14.53,14.44,13.42,496038.78,0.32,2.27,14.58,14.026,16.193,1027971.52,1153494.47,922258.6,0.91
2015-09-07,14.65,15.36,14.13,14.11,640443.56,-0.69,-4.66,14.65,14.135,16.387,1225961.04,1169920.9,927182.06,1.18
2015-09-02,14.1,15.04,14.78,14.0,1454775.38,-0.18,-1.2,14.554,14.422,16.586,1336300.4,1147709.66,918818.2,2.67
2015-09-01,14.2,15.18,14.96,13.37,1417701.5,0.37,2.54,14.074,14.728,16.791,1308326.9,1070452.74,864988.74,2.6
2015-08-31,14.61,14.61,14.59,13.58,1130898.38,-0.28,-1.88,13.596,15.0,17.021,1327258.63,1027803.13,816241.39,2.08
2015-08-28,13.99,15.01,14.79,13.7,1485986.38,1.14,8.35,13.472,15.441,17.247,1279017.41,963037.22,783317.14,2.73
2015-08-27,12.71,13.65,13.65,12.41,1192140.38,1.24,9.99,13.62,15.9,17.476,1113880.75,879582.24,742101.38,2.19
2015-08-26,12.6,13.5,12.38,11.95,1314907.88,-0.19,-1.51,14.29,16.465,17.746,959118.92,813363.43,715031.29,2.42
2015-08-25,12.8,13.45,12.57,12.57,1512360.12,-1.4,-10.02,15.382,17.14,18.138,832578.57,747309.66,691480.65,2.78
2015-08-24,14.78,14.99,13.97,13.97,889692.31,-1.55,-9.99,16.404,17.81,18.51,728347.62,666375.47,726383.0,1.63
2015-08-21,16.84,17.09,15.53,15.49,660303.06,-1.48,-8.7,17.41,18.36,18.749,647057.03,691022.73,734062.36,1.21
2015-08-20,17.6,17.74,17.0,16.98,418331.25,-0.83,-4.66,18.18,18.639,19.013,645283.73,684443.22,746898.05,0.77
2015-08-19,17.36,18.01,17.84,16.88,682206.12,0.17,0.96,18.64,18.75,19.235,667607.93,689926.74,776038.94,1.25
2015-08-18,19.2,19.96,17.68,17.4,991205.38,-1.32,-6.95,18.898,18.853,19.394,662040.76,659524.75,778906.33,1.82
2015-08-17,19.3,19.38,19.0,18.7,483239.34,-0.38,-1.96,19.216,19.041,19.587,604403.32,604679.66,787197.78,0.89
2015-08-14,19.4,19.7,19.38,19.26,651436.56,0.07,0.36,19.31,19.052,19.716,734988.43,603597.06,817911.97,1.2
2015-08-13,19.07,19.4,19.3,18.68,529952.25,0.17,0.89,19.098,19.051,19.865,723602.71,604620.53,840083.94,0.97
2015-08-12,19.0,19.85,19.13,18.89,654370.25,-0.12,-0.62,18.86,19.026,19.974,712245.55,616699.14,852150.78,1.2
2015-08-11,19.38,19.75,19.27,19.2,703018.19,-0.19,-0.98,18.808,19.135,20.092,657008.74,635651.64,884983.29,1.29
2015-08-10,18.44,19.8,19.47,18.21,1136164.88,1.15,6.28,18.866,19.21,20.247,604956.0,786390.53,929341.37,2.09
2015-08-07,17.99,18.8,18.32,17.99,594508.0,0.21,1.16,18.794,19.137,20.489,472205.69,777101.99,979785.55,1.09
2015-08-06,18.5,18.71,18.11,18.02,473166.44,-0.76,-4.03,19.004,19.387,20.796,485638.34,809352.87,1056258.16,0.87
2015-08-05,19.4,19.49,18.87,18.6,378186.19,-0.7,-3.58,19.192,19.72,21.02,521152.74,862151.14,1139130.69,0.69
2015-08-04,19.22,19.66,19.56,19.07,442754.5,0.45,2.35,19.462,19.935,21.104,614294.55,898287.91,1253079.43,0.81
2015-08-03,19.0,19.31,19.11,18.88,472413.31,-0.25,-1.29,19.554,20.132,21.267,967825.05,969715.91,1348611.92,0.87
2015-07-31,18.68,19.8,19.37,18.68,661671.25,0.34,1.79,19.48,20.38,21.521,1081998.29,1032226.88,1455269.89,1.22
2015-07-30,20.06,20.38,19.05,19.0,650738.44,-1.19,-5.88,19.77,20.678,21.676,1133067.4,1075547.36,1515944.94,1.2
2015-07-29,19.82,20.88,20.22,19.3,843895.25,0.18,0.9,20.248,20.922,21.847,1203149.55,1087602.42,1598567.88,1.55
2015-07-28,18.24,20.3,20.02,16.91,2210407.0,1.28,6.83,20.408,21.048,21.918,1182281.26,1134314.93,1628925.67,4.06
2015-07-27,20.5,20.53,18.74,18.74,1043279.5,-2.08,-9.99,20.71,21.283,22.074,971606.76,1072292.21,1612491.33,1.92
2015-07-24,21.33,21.56,20.82,20.78,917016.81,-0.61,-2.85,21.28,21.84,22.191,982455.46,1182469.11,1669392.2,1.68
2015-07-23,21.06,21.68,21.44,21.06,1001149.19,0.42,2.0,21.586,22.205,22.3,1018027.32,1303163.45,1696310.47,1.84
2015-07-22,21.3,21.58,21.02,20.8,739553.81,-0.51,-2.37,21.596,22.32,22.506,972055.29,1416110.23,1710388.43,1.36
2015-07-21,21.25,22.25,21.53,20.93,1157034.5,-0.06,-0.28,21.688,22.272,22.79,1086348.6,1607870.95,1737620.71,2.13
2015-07-20,22.18,22.23,21.59,21.22,1097523.0,-0.76,-3.4,21.856,22.402,23.062,1172977.65,1727507.93,1743174.56,2.02
2015-07-17,21.77,22.76,22.35,21.29,1094876.12,0.87,4.05,22.4,22.662,23.29,1382482.75,1878312.9,1750858.56,2.01
2015-07-16,21.48,22.28,21.49,20.78,771289.0,0.01,0.05,22.824,22.674,23.572,1588299.58,1956342.51,1753877.26,1.42
2015-07-15,22.0,22.58,21.48,20.79,1311020.38,-0.88,-3.94,23.044,22.771,24.002,1860165.18,2109533.34,1791849.96,2.41
2015-07-14,23.45,24.0,22.37,22.01,1590179.75,-1.94,-7.98,22.856,22.788,24.459,2129393.3,2123536.4,1826634.99,2.92
2015-07-13,23.98,25.48,24.31,23.35,2145048.5,-0.16,-0.65,22.948,22.865,24.85,2282038.2,2152690.45,1847014.04,3.94
2015-07-10,22.49,24.84,24.47,21.77,2123960.25,1.88,8.32,22.924,22.541,25.118,2374143.05,2156315.3,1794486.82,3.9
2015-07-09,20.54,22.59,22.59,18.6,2130617.0,2.05,9.98,22.524,22.394,25.371,2324385.45,2089457.49,1741370.64,3.91
2015-07-08,20.51,22.16,20.54,20.51,2657161.0,-2.25,-9.87,22.498,22.692,25.739,2358901.5,2004666.64,1694064.34,4.88
2015-07-07,23.3,24.15,22.83,21.77,2353404.25,-1.36,-5.62,22.72,23.307,26.235,2117679.5,1867370.48,1636129.56,4.32
2015-07-06,24.72,24.75,24.19,22.7,2605572.75,1.68,7.46,22.782,23.721,26.658,2023342.7,1758841.2,1645095.74,4.79
2015-07-03,21.8,23.82,22.47,20.88,1875172.25,0.02,0.09,22.158,23.917,26.93,1938487.55,1623404.21,1595594.14,3.44
2015-07-02,22.62,23.58,22.46,21.51,2303197.25,0.8,3.69,22.264,24.469,27.305,1854529.52,1551412.0,1591737.8,4.23
2015-07-01,23.0,23.7,21.65,21.31,1451051.0,-1.48,-6.4,22.886,25.233,27.656,1650431.77,1474166.58,1542377.64,2.67
2015-06-30,21.08,23.15,23.14,20.17,1881720.25,2.06,9.77,23.894,26.13,28.067,1617061.45,1529733.59,1546925.24,3.46
2015-06-29,23.71,23.91,21.07,20.7,2181297.0,-1.93,-8.39,24.66,26.835,28.43,1494339.7,1541337.64,1545790.41,4.0
2015-06-26,25.1,26.2,23.0,23.0,1455382.12,-2.56,-10.02,25.676,27.694,28.838,1308320.88,1432658.34,1527489.8,2.67
2015-06-25,26.72,27.25,25.57,25.5,1282708.5,-1.11,-4.16,26.674,28.347,29.186,1248294.48,1393283.8,1569793.28,2.35
2015-06-24,27.01,27.07,26.69,26.01,1284199.38,-0.27,-1.0,27.58,28.785,29.572,1297901.38,1383462.04,1609088.44,2.35
2015-06-23,26.5,27.12,26.97,24.21,1268111.5,0.79,3.02,28.366,29.162,29.902,1442405.72,1404888.65,1655096.42,2.32
2015-06-19,27.4,28.77,26.15,26.0,1251202.88,-1.83,-6.54,29.01,29.594,30.217,1588335.57,1531350.28,1722351.53,2.29
2015-06-18,29.55,29.78,27.99,27.88,1155250.12,-2.08,-6.92,29.712,29.942,30.496,1556995.8,1567784.06,1811599.4,2.12
2015-06-17,30.63,30.78,30.1,28.91,1530743.0,-0.5,-1.63,30.02,30.14,30.617,1538273.12,1632063.6,1854029.85,2.8
2015-06-16,29.91,31.3,30.62,29.66,2006721.12,0.43,1.42,29.99,30.078,30.631,1469022.7,1610588.7,1970825.61,3.68
2015-06-15,31.16,31.48,30.19,29.85,1997760.75,0.53,1.79,29.958,30.003,30.602,1367371.58,1564116.9,1977432.42,3.66
2015-06-12,29.8,30.2,29.66,29.47,1094504.0,0.13,0.44,30.178,30.025,30.458,1474364.98,1550243.19,1942059.87,2.0
2015-06-11,29.93,30.0,29.53,29.32,1061636.75,-0.42,-1.4,30.172,29.981,30.33,1578572.33,1622321.26,1944045.28,1.94
2015-06-10,30.1,30.42,29.95,29.65,1184490.88,-0.51,-1.67,30.26,30.025,30.257,1725854.08,1746302.76,1939648.64,2.17
2015-06-09,31.5,31.72,30.46,30.14,1498465.5,-0.83,-2.65,30.166,30.359,30.184,1752154.7,1834714.84,1938424.37,2.74
2015-06-08,29.63,31.48,31.29,29.25,2532727.75,1.66,5.6,30.048,30.642,30.127,1760862.22,1905304.19,1954553.35,4.64
2015-06-05,30.7,30.9,29.63,28.5,1615540.75,-0.34,-1.13,29.872,30.84,30.009,1626121.4,1913352.79,1897552.38,2.96
2015-06-04,29.45,30.35,29.97,27.13,1798045.5,0.49,1.66,29.79,31.05,29.924,1666070.2,2055414.74,1871060.33,3.29
2015-06-03,29.89,30.49,29.48,29.28,1315994.0,-0.39,-1.31,29.79,31.093,29.83,1766751.45,2075996.1,1828781.96,2.41
2015-06-02,30.15,30.3,29.87,29.13,1542003.12,-0.54,-1.78,30.552,31.184,29.746,1917274.97,2331062.52,1831089.83,2.82
2015-06-01,29.01,31.11,30.41,28.55,1859023.62,1.19,4.07,31.236,31.201,29.639,2049746.15,2390747.94,1823713.17,3.4
2015-05-29,29.97,30.47,29.22,28.11,1815284.75,-0.75,-2.5,31.808,30.891,29.552,2200584.17,2333876.55,1778388.3,3.24
2015-05-28,33.3,33.3,29.97,29.96,2301451.75,-3.32,-9.97,32.31,30.679,29.547,2444759.27,2265769.3,1745559.32,4.11
2015-05-27,33.19,34.2,33.29,32.72,2068611.62,0.0,0.0,32.396,30.489,29.58,2385240.75,2132994.52,1684536.03,3.69
2015-05-26,33.42,34.1,33.29,32.03,2204359.0,0.02,0.06,31.816,30.008,29.447,2744850.07,2042133.91,1668237.88,3.94
2015-05-25,31.99,34.31,33.27,31.99,2613213.75,1.54,4.85,31.166,29.612,29.313,2731749.72,2003802.51,1627802.16,4.67
2015-05-22,30.76,33.18,31.73,30.5,3036160.25,1.33,4.38,29.974,29.177,29.173,2467168.92,1881751.97,1599005.38,5.42
2015-05-21,30.14,30.64,30.4,29.72,2003859.12,0.01,0.03,29.048,28.798,29.183,2086779.32,1686705.93,1579668.24,3.58
2015-05-20,31.7,31.7,30.39,30.18,3866658.25,0.35,1.17,28.582,28.566,29.281,1880748.29,1581567.82,1615699.85,6.9
2015-05-19,27.37,30.04,30.04,27.36,2138857.25,2.73,10.0,28.2,28.307,29.253,1339417.74,1331117.15,1514996.13,3.82
2015-05-18,26.88,28.15,27.31,26.51,1290309.75,0.21,0.78,28.058,28.076,29.168,1275855.29,1256678.4,1495262.3,2.3
2015-05-15,27.9,27.91,27.1,26.91,1134212.25,-0.97,-3.46,28.38,28.212,29.309,1296335.01,1222900.05,1516924.76,2.03
2015-05-14,28.4,28.84,28.07,27.96,973703.94,-0.41,-1.44,28.548,28.415,29.454,1286632.54,1225349.34,1531940.27,1.74
2015-05-13,29.25,29.25,28.48,28.27,1160005.5,-0.85,-2.9,28.55,28.671,29.501,1282387.35,1236077.53,1553904.48,2.07
2015-05-12,28.92,30.18,29.33,28.4,1821045.0,0.41,1.42,28.414,28.885,29.587,1322816.55,1294341.86,1593664.69,3.25
2015-05-11,28.1,28.99,28.92,27.68,1392708.38,0.98,3.51,28.094,29.014,29.63,1237501.5,1251801.81,1596389.96,2.49
2015-05-08,28.4,28.55,27.94,27.3,1085699.88,-0.14,-0.5,28.044,29.168,29.714,1149465.09,1316258.79,1642981.05,1.94
2015-05-07,27.64,28.5,28.08,27.35,952478.0,0.28,1.01,28.282,29.567,29.865,1164066.14,1472630.56,1738864.92,1.7
2015-05-06,28.28,28.88,27.8,27.5,1362151.5,0.07,0.25,28.792,29.995,30.055,1189767.71,1649831.88,1829006.68,2.43
2015-05-05,28.49,29.46,27.73,27.22,1394469.75,-0.94,-3.28,29.356,30.199,30.219,1265867.16,1698875.11,1862364.39,2.49
2015-05-04,29.19,29.49,28.67,28.36,952526.31,-0.46,-1.58,29.934,30.26,30.363,1266102.11,1733846.21,1892207.54,1.7
2015-04-30,30.3,30.3,29.13,29.08,1158705.12,-1.0,-3.32,30.292,30.405,30.429,1483052.5,1810949.48,1944241.66,2.07
2015-04-29,30.6,30.87,30.63,30.11,1080985.88,0.01,0.03,30.852,30.492,30.516,1781194.98,1838531.2,2007277.71,1.93
2015-04-28,30.66,31.08,30.62,30.07,1742648.75,0.0,0.0,31.198,30.331,30.49,2109896.05,1871731.43,2150063.1,3.11
2015-04-27,30.52,31.18,30.62,30.33,1395644.5,0.16,0.53,31.042,30.289,30.398,2131883.05,1892987.53,2178577.24,2.49
2015-04-24,31.1,31.58,30.46,30.1,2037278.25,-1.47,-4.6,30.586,30.246,30.217,2201590.3,1940978.11,2180813.59,3.64
2015-04-23,32.4,33.55,31.93,31.51,2649417.5,-0.43,-1.33,30.518,30.26,30.017,2138846.45,1969703.31,2153382.64,4.73
2015-04-22,30.41,32.8,32.36,29.92,2724491.25,2.52,8.45,30.132,30.163,29.756,1895867.43,2005099.29,2126442.0,4.87
2015-04-21,28.34,30.3,29.84,28.15,1852583.75,1.5,5.29,29.464,30.114,29.52,1633566.8,2008181.49,2093605.04,3.31
2015-04-20,30.13,30.13,28.34,28.28,1744180.75,-1.78,-5.91,29.536,30.238,29.437,1654092.0,2025853.68,2136612.49,3.11
2015-04-17,30.44,30.9,30.12,29.8,1723559.0,0.12,0.4,29.906,30.466,29.382,1680365.93,2050568.88,2238514.01,3.08
2015-04-16,28.78,30.15,30.0,28.5,1434522.38,0.98,3.38,30.002,30.453,29.119,1800560.18,2077533.85,2226450.35,2.56
2015-04-15,29.82,30.24,29.02,28.99,1412988.12,-1.18,-3.91,30.194,30.539,28.875,2114331.15,2176024.21,2282904.22,2.52
2015-04-14,30.11,30.6,30.2,29.22,1955209.75,0.01,0.03,30.764,30.648,28.617,2382796.18,2428394.78,2339505.14,3.49
2015-04-13,31.2,31.2,30.19,29.75,1875550.38,-0.41,-1.34,30.94,30.507,28.251,2397615.35,2464166.95,2325937.63,3.35
2015-04-10,30.5,30.87,30.6,29.92,2324530.25,-0.36,-1.16,31.026,30.188,27.836,2420771.82,2420649.06,2283693.3,4.15
2015-04-09,32.4,34.3,30.96,30.88,3003377.25,-0.91,-2.85,30.904,29.774,27.391,2354507.52,2337061.96,2215506.46,5.36
2015-04-08,31.5,32.6,31.87,30.69,2755313.25,0.79,2.54,30.884,29.349,26.905,2237717.27,2247784.71,2106635.99,4.92
2015-04-07,30.61,31.31,31.08,30.4,2029305.62,0.46,1.5,30.532,28.925,26.369,2473993.37,2179028.6,2012312.27,3.62
2015-04-03,29.96,31.18,30.62,29.8,1991332.75,0.63,2.1,30.074,28.636,25.869,2530718.55,2247371.31,1987270.67,3.56
2015-04-02,31.0,31.2,29.99,29.62,1993208.75,-0.87,-2.82,29.35,28.298,25.415,2420526.3,2426459.14,1922680.96,3.56
2015-04-01,30.0,31.29,30.86,29.44,2419426.0,0.75,2.49,28.644,27.785,25.001,2319616.4,2375366.85,1870234.64,4.32
2015-03-31,29.63,31.67,30.11,29.63,3936693.75,1.32,4.58,27.814,27.21,24.551,2257852.15,2389784.23,1792335.53,7.03
2015-03-30,27.07,29.38,28.79,26.78,2312931.5,1.79,6.63,27.318,26.586,24.141,1884063.82,2250615.5,1674639.84,4.13
2015-03-27,26.5,27.6,27.0,26.3,1440371.5,0.54,2.04,27.198,25.995,23.861,1964024.07,2187708.3,1632956.36,2.57
2015-03-26,26.39,27.43,26.46,25.81,1488659.25,-0.25,-0.94,27.246,25.484,23.66,2432391.97,2146737.54,1618916.38,2.66
2015-03-25,27.68,28.19,26.71,26.58,2110604.75,-0.92,-3.33,26.926,25.008,23.486,2431117.3,2093950.95,1618807.54,3.77
2015-03-24,28.1,28.7,27.63,26.99,2067752.12,-0.56,-1.99,26.606,24.461,23.247,2521716.3,1965487.27,1547046.49,3.69
2015-03-23,27.37,28.28,28.19,26.85,2712732.75,0.95,3.49,25.854,23.813,23.002,2617167.18,1845595.93,1482632.68,4.84
2015-03-20,25.08,27.35,27.24,24.41,3782211.0,2.38,9.57,24.792,23.101,22.722,2411392.53,1727170.03,1387416.93,6.75
2015-03-19,25.18,25.22,24.86,24.6,1482285.88,-0.25,-1.0,23.722,22.531,22.499,1861083.1,1418902.78,1256151.12,2.65
2015-03-18,24.55,25.38,25.11,24.55,2563599.75,1.24,5.2,23.09,22.217,22.39,1756784.6,1365102.42,1222524.75,4.58
2015-03-17,23.78,24.25,23.87,23.46,2545006.5,0.99,4.33,22.316,21.891,22.282,1409258.24,1194886.83,1138568.27,4.54
2015-03-16,22.02,23.15,22.88,21.71,1683859.5,0.99,4.52,21.772,21.696,22.235,1074024.69,1098664.17,1078643.05,3.01
2015-03-13,21.9,22.5,21.89,21.71,1030663.88,0.19,0.88,21.41,21.726,22.225,1042947.54,1078204.42,1085630.74,1.84
2015-03-12,21.47,21.89,21.7,21.08,960793.38,0.46,2.17,21.34,21.835,22.224,976722.46,1091095.22,1095357.67,1.72
2015-03-11,21.23,21.79,21.24,21.15,825967.94,0.09,0.43,21.344,21.963,22.234,973420.24,1143664.13,1180553.12,1.47
2015-03-10,20.9,21.52,21.15,20.7,868838.75,0.08,0.38,21.466,22.032,22.246,980515.43,1128605.71,1241135.16,1.55
2015-03-09,21.0,21.24,21.07,20.04,1528473.75,-0.47,-2.18,21.62,22.19,22.249,1123303.65,1119669.42,1274918.05,2.73
2015-03-06,21.78,22.18,21.54,21.49,699538.5,-0.18,-0.83,22.042,22.343,22.206,1113461.3,1047663.82,1275962.91,1.25
2015-03-05,21.73,22.15,21.72,21.41,944282.25,-0.13,-0.59,22.33,22.467,22.184,1205467.98,1093399.46,1295082.49,1.69
2015-03-04,21.85,22.1,21.85,21.57,861443.88,-0.07,-0.32,22.582,22.563,22.191,1313908.03,1079947.07,1304591.63,1.54
2015-03-03,22.9,22.99,21.92,21.81,1582779.88,-1.26,-5.44,22.598,22.672,22.228,1276696.0,1082249.71,1338320.39,2.83
2015-03-02,23.48,23.81,23.18,22.9,1479262.0,0.2,0.87,22.76,22.773,22.268,1116035.19,1058621.94,1336040.03,2.64
2015-02-27,22.9,23.36,22.98,22.8,1159571.88,0.0,0.0,22.644,22.723,22.231,981866.34,1093057.05,1326563.43,2.07
2015-02-26,21.86,23.15,22.98,21.34,1486482.5,1.05,4.79,22.604,22.613,22.222,981330.94,1099620.12,1373244.37,2.65
2015-02-25,22.74,22.74,21.93,21.8,675383.75,-0.8,-3.52,22.544,22.505,22.205,845986.11,1217442.1,1390705.44,1.21
2015-02-17,22.71,23.27,22.73,22.61,779475.81,0.13,0.57,22.746,22.459,22.246,887803.43,1353664.61,1504725.27,1.39
2015-02-16,22.74,22.85,22.6,22.3,808417.75,-0.18,-0.79,22.786,22.307,22.17,1001208.69,1430166.68,1673859.32,1.44
2015-02-13,22.86,23.3,22.78,22.41,1156894.88,0.1,0.44,22.802,22.069,22.198,1204247.76,1504262.01,1652059.93,2.07
2015-02-12,22.89,22.94,22.68,22.31,809758.38,-0.26,-1.13,22.622,21.9,22.345,1217909.31,1496765.53,1689678.91,1.45
2015-02-11,22.96,23.1,22.94,22.55,884470.31,0.01,0.04,22.466,21.818,22.512,1588898.08,1529236.18,1780781.63,1.58
2015-02-10,22.68,23.35,22.93,22.5,1346502.12,0.25,1.1,22.172,21.784,22.615,1819525.8,1594391.06,1847016.0,2.4
2015-02-09,21.8,23.13,22.68,21.61,1823613.12,0.8,3.66,21.828,21.763,22.663,1859124.67,1613458.12,1874616.89,3.26
2015-02-06,21.38,22.45,21.88,21.25,1225202.62,-0.02,-0.09,21.336,21.739,22.745,1804276.25,1560069.81,1884306.29,2.19
2015-02-05,22.5,22.86,21.9,21.88,2664702.25,0.43,2.0,21.178,21.831,22.899,1775621.75,1646868.61,1960366.56,4.76
2015-02-04,21.31,22.99,21.47,21.16,2037608.88,0.26,1.23,21.17,21.904,23.064,1469574.28,1563968.78,1999852.71,3.64
2015-02-03,20.53,21.34,21.21,20.24,1544496.5,0.99,4.9,21.396,22.033,23.335,1369256.32,1655785.94,2132443.04,2.76
2015-02-02,20.36,20.86,20.22,19.63,1549371.0,-0.87,-4.12,21.698,22.033,23.517,1367791.57,1917551.96,2180885.71,2.77
2015-01-30,22.0,22.25,21.09,21.06,1081930.12,-0.77,-3.52,22.142,22.326,23.734,1315863.37,1799857.86,2225833.48,1.93
2015-01-29,22.11,22.38,21.86,21.63,1134464.88,-0.74,-3.27,22.484,22.789,23.903,1518115.47,1882592.29,2307692.09,2.03
2015-01-28,22.6,23.25,22.6,22.2,1536019.12,-0.12,-0.53,22.638,23.205,24.0,1658363.27,2032327.08,2380794.32,2.74
2015-01-27,22.56,22.9,22.72,21.9,1537172.75,0.28,1.25,22.67,23.446,24.069,1942315.55,2099640.94,2451739.2,2.74
2015-01-26,22.96,23.1,22.44,22.13,1289730.0,-0.36,-1.58,22.368,23.563,24.182,2467312.35,2135775.65,2574708.05,2.3
2015-01-23,22.88,23.9,22.8,22.65,2093190.62,0.17,0.75,22.51,23.751,24.202,2283852.35,2208542.78,2621876.96,3.74
2015-01-22,22.7,23.0,22.63,22.05,1835703.88,-0.13,-0.57,23.094,23.966,24.154,2247069.1,2273864.51,2647857.88,3.28
2015-01-21,21.99,23.1,22.76,21.58,2955780.5,1.55,7.31,23.772,24.224,24.183,2406290.88,2435736.65,2699669.98,5.28
2015-01-20,21.52,22.2,21.21,20.84,4162156.75,-1.94,-8.38,24.222,24.637,24.165,2256966.33,2609100.15,2675377.79,7.43
2015-01-19,23.15,23.15,23.15,23.15,372430.0,-2.57,-9.99,24.758,25.0,24.239,1804238.95,2444219.45,2586102.31,0.67
2015-01-16,26.0,26.24,25.72,25.15,1909274.38,-0.3,-1.15,24.992,25.142,24.225,2133233.2,2651809.1,2706084.86,3.41
2015-01-15,24.83,26.55,26.02,24.45,2631812.75,1.01,4.04,24.838,25.017,24.191,2300659.93,2732791.89,2838928.49,4.7
2015-01-14,23.99,25.38,25.01,23.65,2209157.75,1.12,4.69,24.676,24.795,24.128,2465182.43,2729261.56,2929567.03,3.94
2015-01-13,24.81,24.99,23.89,23.66,1898519.88,-0.43,-1.77,25.052,24.692,24.003,2961233.98,2803837.46,2960708.52,3.39
2015-01-12,25.1,25.48,24.32,23.98,2017401.25,-0.63,-2.52,25.242,24.801,23.878,3084199.95,3013640.45,3048406.93,3.6
2015-01-09,24.9,26.4,24.95,24.74,2746408.0,-0.26,-1.03,25.292,24.652,23.717,3170385.0,3035211.15,3126697.26,4.9
2015-01-08,26.7,26.8,25.21,24.85,3454425.25,-1.68,-6.25,25.196,24.341,23.631,3164923.85,3021851.25,3241114.61,6.17
2015-01-07,24.99,27.32,26.89,24.86,4689415.5,2.05,8.25,24.914,24.142,23.577,2993340.7,2963603.3,3400135.73,8.37
2015-01-06,24.39,25.4,24.84,23.8,2513349.75,0.27,1.1,24.332,23.693,23.552,2646440.95,2741655.43,3418650.2,4.49
2015-01-05,24.89,24.94,24.57,23.6,2448326.5,0.1,0.41,24.36,23.478,23.55,2943080.95,2727985.18,3569027.46,4.37
2014-12-31,23.95,25.33,24.47,23.68,2719102.25,0.67,2.81,24.012,23.308,23.449,2900037.3,2760360.63,3607193.5,4.86
2014-12-30,23.98,24.92,23.8,23.02,2596509.5,-0.18,-0.75,23.486,23.365,23.251,2878778.65,2945065.1,3669275.31,4.64
2014-12-29,25.6,25.73,23.98,23.55,2954916.75,-1.0,-4.0,23.37,23.461,23.08,2933865.9,3129872.5,3743705.46,5.28
2014-12-26,22.85,25.11,24.98,22.7,3996549.75,2.15,9.42,23.054,23.314,22.808,2836869.9,3117579.58,3851374.43,7.14
2014-12-25,22.02,22.98,22.83,21.47,2233108.25,0.99,4.53,22.596,22.955,22.402,2512889.4,3083173.4,3661852.47,3.99
2014-12-24,23.41,23.85,21.84,21.2,2612809.0,-1.38,-5.94,22.604,22.782,22.026,2620683.95,3218183.38,3556141.61,4.67
2014-12-23,22.65,24.19,23.22,22.55,2871945.75,0.82,3.66,23.244,22.92,21.631,3011351.55,3460377.98,3426939.9,5.13
2014-12-22,22.71,23.5,22.4,21.39,2469936.75,-0.29,-1.28,23.552,23.011,21.103,3325879.1,3836668.15,3346427.8,4.41
2014-12-19,22.86,23.77,22.69,21.53,2376647.25,-0.18,-0.79,23.574,23.411,20.626,3398289.25,4095644.98,3326889.13,4.24
2014-12-18,24.16,24.51,22.87,22.66,2772081.0,-2.17,-8.67,23.314,23.622,20.138,3653457.4,4410069.75,3300288.71,4.95
2014-12-17,25.81,26.4,25.04,23.54,4566147.0,0.28,1.13,22.96,23.59,19.607,3815682.8,4454026.38,3280213.68,8.15
2014-12-16,22.8,24.76,24.76,22.5,4444583.5,2.25,10.0,22.596,23.136,18.972,3909404.4,4393485.53,3153105.08,7.94
2014-12-15,21.28,22.74,22.51,21.0,2831987.5,1.12,5.24,22.47,22.699,18.304,4347457.2,4357538.43,3032936.39,5.06
2014-12-12,20.8,22.65,21.39,20.8,3652488.0,0.29,1.37,23.248,22.302,17.725,4793000.7,4585169.28,2936944.99,6.52
2014-12-11,22.55,22.98,21.1,21.0,3583208.0,-2.12,-9.13,23.93,21.848,17.203,5166682.1,4240531.54,2835488.57,6.4
2014-12-10,23.6,25.01,23.22,21.77,5034755.0,-0.91,-3.77,24.22,21.27,16.68,5092369.95,3894099.85,2709283.66,8.99
2014-12-09,25.9,28.66,24.13,23.76,6634847.5,-2.27,-8.6,23.676,20.341,16.049,4877566.65,3393501.82,2543048.41,11.85
2014-12-08,23.8,27.21,26.4,23.12,5059705.0,1.6,6.45,22.928,19.194,15.366,4367619.65,2856187.45,2335121.22,9.04
2014-12-05,23.33,24.81,24.8,22.38,5520895.0,2.25,9.98,21.356,17.841,14.533,4377337.85,2558133.28,2160964.1,9.86
2014-12-04,20.42,22.55,22.55,20.42,3211647.25,2.05,10.0,19.766,16.654,13.767,3314380.97,2190507.66,1940768.8,5.74
2014-12-03,20.58,22.4,20.5,19.87,3960738.5,0.11,0.54,18.32,15.624,13.1,2695829.75,2106400.99,1809817.48,7.07
2014-12-02,18.0,20.39,20.39,17.91,4085112.5,1.85,9.98,17.006,14.808,12.52,1909436.99,1912724.64,1640765.39,7.29
2014-12-01,18.0,18.54,18.54,17.28,5108296.0,1.69,10.03,15.46,13.908,11.957,1344755.24,1708334.35,1452389.95,9.12
2014-11-28,16.85,16.85,16.85,16.85,206110.62,1.53,9.99,14.326,13.148,11.486,738928.72,1288720.71,1219935.58,0.37
2014-11-27,15.32,15.32,15.32,15.32,118891.13,1.39,9.98,13.542,12.558,11.105,1066634.35,1430445.61,1236962.27,0.21
2014-11-26,13.93,13.93,13.93,13.93,28774.72,1.27,10.03,12.928,12.09,10.805,1516972.22,1524467.47,1269371.2,0.05
2014-11-14,12.76,13.12,12.66,12.38,1261703.75,-0.21,-1.63,12.61,11.756,10.578,1916012.28,1692595.0,1299095.16,2.25
2014-11-13,12.98,13.48,12.87,12.65,2079163.38,-0.06,-0.46,12.356,11.537,10.415,2071913.45,1814055.0,1283401.67,3.71
2014-11-12,11.9,12.96,12.93,11.85,1844638.75,0.68,5.55,11.97,11.225,10.231,1838512.7,1763794.91,1220324.76,3.29
2014-11-11,12.5,13.06,12.25,11.81,2370580.5,-0.09,-0.73,11.574,10.879,10.052,1794256.87,1691029.95,1187269.25,4.23
2014-11-10,11.8,12.42,12.34,11.31,2023975.0,0.95,8.34,11.252,10.576,9.888,1531962.72,1513233.97,1094064.56,3.61
2014-11-07,10.97,11.99,11.39,10.89,2041209.62,0.45,4.11,10.902,10.231,9.717,1469177.72,1368806.14,1013155.45,3.65
2014-11-06,10.91,11.01,10.94,10.63,912159.62,-0.01,-0.09,10.718,10.005,9.599,1556196.55,1196445.55,934032.05,1.63
2014-11-05,10.56,11.22,10.95,10.52,1623359.62,0.31,2.91,10.48,9.824,9.504,1689077.12,1151150.45,913114.22,2.9
2014-11-04,10.49,10.79,10.64,10.46,1059109.75,0.05,0.47,10.184,9.651,9.413,1587803.02,1043478.94,856455.47,1.89
2014-11-03,10.5,10.82,10.59,10.44,1710050.0,0.12,1.15,9.9,9.52,9.337,1494505.22,1014274.93,824903.19,3.05
2014-10-31,9.85,10.72,10.47,9.85,2476303.75,0.72,7.38,9.56,9.4,9.265,1268434.55,905595.32,780203.98,4.42
2014-10-30,9.48,9.94,9.75,9.43,1576562.5,0.28,2.96,9.292,9.292,9.19,836694.56,752748.33,675666.49,2.82
2014-10-29,9.23,9.67,9.47,9.2,1116989.12,0.25,2.71,9.168,9.236,9.154,613223.78,676854.6,638318.85,1.99
2014-10-28,8.92,9.24,9.22,8.9,592620.75,0.33,3.71,9.118,9.224,9.132,499154.85,683508.55,636085.53,1.06
2014-10-27,8.91,8.96,8.89,8.81,579696.62,-0.24,-2.63,9.14,9.199,9.105,534044.63,674895.15,626125.67,1.04
2014-10-24,9.17,9.23,9.13,9.1,317603.81,0.0,0.0,9.24,9.203,9.088,542756.09,657504.76,619109.25,0.57
2014-10-23,9.19,9.29,9.13,9.1,459208.59,-0.09,-0.98,9.292,9.192,9.068,668802.11,671618.55,622019.26,0.82
2014-10-22,9.33,9.45,9.22,9.2,546644.5,-0.11,-1.18,9.304,9.184,9.045,740485.43,675077.98,622698.43,0.98
2014-10-21,9.37,9.59,9.33,9.3,767069.62,-0.06,-0.64,9.33,9.174,9.013,867862.25,669432.0,616185.83,1.37
2014-10-20,9.46,9.53,9.39,9.34,623253.94,0.0,0.0,9.258,9.153,8.976,815745.68,635531.45,613272.09,1.11
2014-10-17,9.2,9.42,9.39,9.12,947833.88,0.2,2.18,9.166,9.129,8.949,772253.44,654812.63,605561.34,1.69
2014-10-16,9.28,9.42,9.19,9.18,817625.19,-0.16,-1.71,9.092,9.088,8.924,674434.99,598584.65,584770.38,1.46
2014-10-15,9.0,9.42,9.35,8.99,1183528.62,0.38,4.24,9.064,9.072,8.909,609670.53,599783.1,582040.23,2.11
2014-10-14,8.91,9.06,8.97,8.89,506486.75,0.04,0.45,9.018,9.04,8.886,471001.75,588662.5,543894.33,0.9
2014-10-13,8.95,8.99,8.93,8.84,405792.75,-0.09,-1.0,9.048,9.011,8.89,455317.21,577356.19,546926.66,0.72
2014-10-10,9.0,9.1,9.02,8.96,458741.66,-0.03,-0.33,9.092,8.972,8.892,537371.83,580713.73,569074.06,0.82
2014-10-09,9.12,9.15,9.05,8.98,493802.88,-0.07,-0.77,9.084,8.944,8.883,522734.3,572419.97,578236.56,0.88
2014-10-08,9.15,9.15,9.12,8.97,490184.69,0.0,0.0,9.08,8.905,8.865,589895.67,570318.88,586552.58,0.88
2014-09-30,9.17,9.18,9.12,9.08,428064.09,-0.03,-0.33,9.062,8.852,8.84,706323.26,562939.66,588222.77,0.76
2014-09-29,9.05,9.16,9.15,9.0,816065.81,0.17,1.89,8.974,8.799,8.805,699395.17,591012.74,581884.04,1.46
2014-09-26,8.98,9.08,8.98,8.94,385554.03,-0.05,-0.55,8.852,8.769,8.767,624055.63,556310.04,555972.16,0.69
2014-09-25,9.1,9.21,9.03,8.96,829609.75,0.0,0.0,8.804,8.759,8.733,622105.63,570956.12,551016.54,1.48
2014-09-24,8.68,9.11,9.03,8.64,1072322.62,0.35,4.03,8.73,8.746,8.699,550742.09,564297.37,521241.32,1.91
2014-09-23,8.55,8.73,8.68,8.55,393423.66,0.14,1.64,8.642,8.732,8.665,419556.06,499126.15,487887.06,0.7
2014-09-22,8.75,8.76,8.54,8.49,439368.09,-0.2,-2.29,8.624,8.768,8.656,482630.3,516497.13,485903.81,0.78
2014-09-19,8.66,8.77,8.74,8.64,375804.03,0.08,0.92,8.686,8.812,8.663,488564.46,557434.39,480353.96,0.67
2014-09-18,8.58,8.74,8.66,8.5,472792.03,0.07,0.81,8.714,8.822,8.655,519806.6,584053.16,479050.17,0.84
2014-09-17,8.62,8.65,8.59,8.52,416392.47,0.0,0.0,8.762,8.825,8.656,577852.65,602786.28,469749.12,0.74
2014-09-16,8.86,8.88,8.59,8.57,708794.88,-0.26,-2.94,8.822,8.827,8.661,578696.24,613505.88,472387.01,1.27
2014-09-15,8.86,8.89,8.85,8.75,469038.88,-0.03,-0.34,8.912,8.811,8.671,550363.95,572755.35,463134.67,0.84
2014-09-12,8.87,8.92,8.88,8.78,532014.75,-0.02,-0.23,8.938,8.764,8.664,626304.33,555634.27,471200.21,0.95
2014-09-11,8.89,9.15,8.9,8.85,763022.25,0.01,0.11,8.93,8.707,8.644,648299.73,531076.96,470181.15,1.36
2014-09-10,8.96,8.98,8.89,8.86,420610.44,-0.15,-1.66,8.888,8.651,8.633,627719.91,478185.27,463307.43,0.75
2014-09-09,8.99,9.06,9.04,8.9,567133.44,0.06,0.67,8.832,8.597,8.623,648315.53,476647.98,460122.31,1.01
2014-09-05,8.93,9.11,8.98,8.91,848740.75,0.14,1.58,8.71,8.544,8.606,595146.74,455310.5,457982.86,1.52
2014-09-04,8.72,8.85,8.84,8.69,641991.75,0.15,1.73,8.59,8.513,8.583,484964.22,403273.52,437373.35,1.15
2014-09-03,8.7,8.84,8.69,8.66,660123.19,0.08,0.93,8.484,8.487,8.569,413854.2,374047.18,437360.0,1.18
2014-09-02,8.45,8.64,8.61,8.4,523588.5,0.18,2.13,8.414,8.487,8.574,328650.62,336711.96,437703.02,0.93
2014-09-01,8.39,8.45,8.43,8.35,301289.5,0.05,0.6,8.362,8.495,8.584,304980.43,331268.13,446329.62,0.54
2014-08-29,8.33,8.39,8.38,8.25,297828.16,0.07,0.84,8.378,8.53,8.603,315474.26,353514.0,481188.14,0.53
2014-08-28,8.34,8.42,8.31,8.25,286441.66,-0.03,-0.36,8.436,8.563,8.606,321582.82,386766.15,502829.16,0.51
2014-08-27,8.34,8.44,8.34,8.32,234105.3,-0.01,-0.12,8.49,8.581,8.618,334240.15,409285.34,525459.75,0.42
2014-08-26,8.48,8.54,8.35,8.32,405237.53,-0.16,-1.88,8.56,8.614,8.621,344773.29,448429.6,541739.74,0.72
2014-08-25,8.69,8.7,8.51,8.49,353758.66,-0.16,-1.84,8.628,8.648,8.623,357555.83,443596.64,553099.15,0.63
2014-08-22,8.59,8.68,8.67,8.53,328370.94,0.09,1.05,8.682,8.668,8.62,391553.73,460655.21,612066.89,0.59
2014-08-21,8.7,8.71,8.58,8.51,349728.31,-0.11,-1.27,8.69,8.653,8.592,451949.48,471473.19,628819.22,0.62
2014-08-20,8.68,8.77,8.69,8.63,286771.0,0.0,0.0,8.672,8.65,8.562,484330.53,500672.83,652226.7,0.51
2014-08-19,8.8,8.86,8.69,8.6,469150.22,-0.09,-1.02,8.668,8.661,8.517,552085.91,538694.08,658315.92,0.84
2014-08-18,8.74,8.85,8.78,8.71,523748.19,0.07,0.8,8.668,8.673,8.469,529637.45,561391.1,654969.29,0.94
2014-08-15,8.52,8.77,8.71,8.49,630349.69,0.22,2.59,8.654,8.675,8.411,529756.69,608862.29,639158.61,1.13
2014-08-14,8.67,8.7,8.49,8.48,511633.56,-0.18,-2.08,8.616,8.648,8.36,490996.9,618892.18,623898.71,0.91
2014-08-13,8.7,8.82,8.67,8.53,625547.88,-0.02,-0.23,8.628,8.655,8.317,517015.12,641634.17,607793.02,1.12
2014-08-12,8.73,8.78,8.69,8.65,356907.94,-0.02,-0.23,8.654,8.627,8.267,525302.26,635049.87,589537.47,0.64
2014-08-11,8.56,8.75,8.71,8.52,524344.38,0.19,2.23,8.678,8.598,8.216,593144.76,662601.65,581291.37,0.94
2014-08-08,8.57,8.6,8.52,8.45,436550.72,-0.03,-0.35,8.696,8.572,8.164,687967.88,763478.57,567338.24,0.78
2014-08-07,8.79,8.82,8.55,8.53,641724.69,-0.25,-2.84,8.68,8.531,8.117,746787.46,786165.25,555810.92,1.15
2014-08-06,8.74,8.85,8.8,8.64,666983.56,-0.01,-0.11,8.682,8.474,8.064,766253.21,803780.58,530944.47,1.19
2014-08-05,8.82,8.92,8.81,8.69,696120.44,0.01,0.11,8.6,8.372,7.997,744797.49,777937.76,508045.38,1.24
2014-08-04,8.51,8.85,8.8,8.45,998460.0,0.36,4.26,8.518,8.265,7.936,732058.55,748547.47,479555.67,1.78
2014-08-01,8.5,8.65,8.44,8.41,730648.62,-0.12,-1.4,8.448,8.147,7.875,838989.25,669454.94,435987.65,1.3
2014-07-31,8.39,8.58,8.56,8.33,739053.44,0.17,2.03,8.382,8.072,7.832,825543.04,628905.24,408188.77,1.32
2014-07-30,8.39,8.5,8.39,8.33,559704.94,-0.01,-0.12,8.266,7.979,7.785,841307.94,573951.88,384738.5,1.0
2014-07-29,8.44,8.58,8.4,8.39,632425.75,-0.05,-0.59,8.144,7.907,7.745,811078.03,544025.07,367962.73,1.13
2014-07-28,8.2,8.65,8.45,8.2,1533113.5,0.34,4.19,8.012,7.833,7.7,765036.38,499981.09,344433.93,2.74
2014-07-25,8.02,8.12,8.11,7.96,663417.56,0.13,1.63,7.846,7.756,7.654,499920.62,371197.91,285116.97,1.19
2014-07-24,7.78,8.09,7.98,7.77,817877.94,0.2,2.57,7.762,7.703,7.622,432267.44,325456.58,264301.67,1.46
2014-07-23,7.75,7.85,7.78,7.72,408555.41,0.04,0.52,7.692,7.653,7.596,306595.81,258108.36,239677.08,0.73
2014-07-22,7.61,7.78,7.74,7.61,402217.5,0.12,1.57,7.67,7.621,7.577,276972.11,238152.99,227769.49,0.72
2014-07-21,7.69,7.71,7.62,7.61,207534.7,-0.07,-0.91,7.654,7.606,7.57,234925.79,210563.87,216580.08,0.37
2014-07-18,7.6,7.74,7.69,7.58,325151.66,0.06,0.79,7.666,7.602,7.569,242475.19,202520.37,212866.07,0.58
2014-07-17,7.66,7.67,7.63,7.57,189519.8,-0.04,-0.52,7.644,7.591,7.564,218645.72,187472.29,204696.76,0.34
2014-07-16,7.64,7.76,7.67,7.64,260436.91,0.01,0.13,7.614,7.591,7.56,209620.91,195525.13,203396.25,0.47
2014-07-15,7.68,7.68,7.66,7.61,191985.88,-0.02,-0.26,7.572,7.582,7.563,199333.87,191900.39,197117.45,0.34
2014-07-14,7.59,7.69,7.68,7.57,245281.69,0.1,1.32,7.558,7.567,7.57,186201.95,188886.77,195691.09,0.44
2014-07-11,7.47,7.63,7.58,7.46,206004.31,0.1,1.34,7.538,7.551,7.579,162565.56,199036.04,195763.52,0.37
2014-07-10,7.48,7.53,7.48,7.44,144395.77,0.02,0.27,7.538,7.54,7.589,156298.86,203146.77,199094.5,0.26
2014-07-09,7.59,7.62,7.46,7.45,209001.7,-0.13,-1.71,7.568,7.538,7.598,181429.35,221245.8,198570.28,0.37
2014-07-08,7.58,7.59,7.59,7.53,126326.29,0.01,0.13,7.592,7.532,7.611,184466.91,217385.98,196068.62,0.23
2014-07-07,7.58,7.62,7.58,7.54,127099.72,0.0,0.0,7.576,7.534,7.62,191571.58,222596.29,203207.77,0.23
2014-07-04,7.62,7.65,7.58,7.56,174670.83,-0.05,-0.66,7.564,7.535,7.622,235506.51,223211.76,205680.39,0.31
2014-07-03,7.57,7.68,7.63,7.54,270048.19,0.05,0.66,7.542,7.536,7.625,249994.67,221921.23,204942.01,0.48
2014-07-02,7.52,7.59,7.58,7.51,224189.52,0.07,0.93,7.508,7.529,7.629,261062.25,211267.37,199223.14,0.4
2014-07-01,7.54,7.56,7.51,7.5,161849.64,-0.01,-0.13,7.472,7.543,7.633,250305.05,202334.51,201692.76,0.29
2014-06-30,7.49,7.56,7.52,7.46,346774.38,0.05,0.67,7.492,7.572,7.647,253621.0,202495.42,205670.1,0.62
2014-06-27,7.45,7.52,7.47,7.41,247111.62,0.01,0.13,7.506,7.606,7.662,210917.01,192491.02,198921.61,0.44
2014-06-26,7.42,7.51,7.46,7.4,325386.09,0.06,0.81,7.53,7.637,7.68,193847.79,195042.24,195589.16,0.58
2014-06-25,7.48,7.48,7.4,7.38,170403.53,-0.06,-0.8,7.55,7.658,7.707,161472.49,175894.75,192481.23,0.3
2014-06-24,7.6,7.64,7.61,7.55,178429.39,0.02,0.26,7.614,7.689,7.73,154363.98,174751.25,189159.85,0.32
2014-06-23,7.6,7.67,7.59,7.57,133254.44,0.0,0.0,7.652,7.705,7.746,151369.84,183819.25,188673.15,0.24
2014-06-20,7.56,7.62,7.59,7.56,161765.52,0.03,0.4,7.706,7.709,7.763,174065.02,188149.01,189022.49,0.29
2014-06-19,7.73,7.76,7.56,7.53,163509.59,-0.16,-2.07,7.744,7.713,7.776,196236.69,187962.79,190880.82,0.29
2014-06-18,7.81,7.82,7.72,7.7,134860.94,-0.08,-1.03,7.766,7.729,7.792,190317.02,187178.9,190692.1,0.24
2014-06-17,7.84,7.85,7.8,7.79,163458.69,-0.06,-0.76,7.764,7.722,7.794,195138.52,201051.0,191365.47,0.29
2014-06-16,7.82,7.91,7.86,7.79,246730.34,0.08,1.03,7.758,7.721,7.792,216268.67,208844.78,197724.97,0.44
2014-06-13,7.68,7.86,7.78,7.65,272623.88,0.11,1.43,7.712,7.717,7.798,202233.0,205352.21,201315.62,0.49
2014-06-12,7.7,7.73,7.67,7.66,133911.23,-0.04,-0.52,7.682,7.723,7.814,179688.9,196136.08,201370.68,0.24
2014-06-11,7.73,7.75,7.71,7.67,158968.48,-0.06,-0.77,7.692,7.755,7.847,184040.78,209067.71,203844.45,0.28
2014-06-10,7.68,7.78,7.77,7.6,269109.41,0.14,1.83,7.68,7.77,7.877,206963.47,203568.46,208188.17,0.48
2014-06-09,7.61,7.74,7.63,7.58,176552.02,0.0,0.0,7.684,7.786,7.908,201420.89,193527.05,219880.45,0.32
2014-06-06,7.71,7.73,7.63,7.58,159903.34,-0.09,-1.17,7.722,7.817,7.936,208471.42,189895.97,219864.9,0.29
2014-06-05,7.65,7.73,7.72,7.63,155670.67,0.07,0.92,7.764,7.839,7.961,212583.27,193798.84,225167.76,0.28
2014-06-04,7.79,7.8,7.65,7.6,273581.91,-0.14,-1.8,7.818,7.854,7.979,234094.64,194205.3,225816.6,0.49
2014-06-03,7.85,7.91,7.79,7.78,241396.52,-0.03,-0.38,7.86,7.866,8.002,200173.44,181679.95,221033.59,0.43
2014-05-30,7.85,7.9,7.82,7.8,211804.64,-0.02,-0.26,7.888,7.862,8.02,185633.21,186605.16,218251.49,0.38
2014-05-29,7.97,7.99,7.84,7.84,180462.61,-0.15,-1.88,7.912,7.878,8.035,171320.51,197279.02,216726.18,0.32
2014-05-28,7.87,8.02,7.99,7.8,263227.53,0.13,1.65,7.914,7.904,8.05,175014.42,206605.27,223799.23,0.47
2014-05-27,7.92,7.95,7.86,7.86,103975.92,-0.07,-0.88,7.89,7.938,8.044,154315.96,198621.19,222202.72,0.19
2014-05-26,8.0,8.01,7.93,7.89,168695.34,-0.01,-0.13,7.872,7.983,8.048,163186.45,212807.87,226726.24,0.3
2014-05-23,7.85,7.95,7.94,7.84,140241.17,0.09,1.15,7.836,8.029,8.053,187577.12,246233.86,227349.07,0.25
2014-05-22,7.87,7.99,7.85,7.83,198932.12,-0.02,-0.25,7.844,8.054,8.058,223237.53,249833.83,229097.96,0.36
2014-05-21,7.75,7.88,7.87,7.7,159735.23,0.1,1.29,7.894,8.082,8.072,238196.12,256536.68,237893.52,0.29
2014-05-20,7.81,7.88,7.77,7.74,148328.39,0.02,0.26,7.986,8.104,8.085,242926.42,257427.91,244405.41,0.26
2014-05-19,7.93,7.93,7.75,7.69,290648.69,-0.23,-2.88,8.094,8.138,8.115,262429.3,260387.24,248114.69,0.52
2014-05-16,8.14,8.19,7.98,7.9,318543.22,-0.12,-1.48,8.222,8.178,8.146,304890.6,249897.82,249767.55,0.57
2014-05-15,8.32,8.35,8.1,8.09,273725.06,-0.23,-2.76,8.264,8.191,8.164,276430.13,236173.33,248968.68,0.49
2014-05-14,8.33,8.4,8.33,8.31,183386.72,0.02,0.24,8.27,8.196,8.173,274877.23,240993.19,255669.94,0.33
2014-05-13,8.34,8.4,8.31,8.27,245842.8,-0.08,-0.95,8.222,8.149,8.183,271929.4,245784.25,262137.44,0.44
2014-05-12,8.36,8.46,8.39,8.22,502955.19,0.19,2.32,8.182,8.113,8.195,258345.18,240644.61,280393.74,0.9
2014-05-09,8.15,8.23,8.19,8.11,176240.86,0.06,0.74,8.134,8.076,8.206,194905.05,208464.28,317923.09,0.31
2014-05-08,8.07,8.32,8.13,8.05,265960.59,0.04,0.49,8.118,8.062,8.202,195916.54,208362.1,332688.21,0.48
2014-05-07,8.09,8.17,8.09,8.05,168647.58,-0.02,-0.25,8.122,8.062,8.204,207109.14,219250.36,356943.29,0.3
2014-05-06,8.1,8.19,8.11,8.07,177921.67,-0.04,-0.49,8.076,8.066,8.2,219639.09,231382.91,368218.25,0.32
2014-05-05,8.07,8.19,8.15,7.97,185754.55,0.04,0.49,8.044,8.092,8.18,222944.03,235842.14,370402.63,0.33
2014-04-30,8.12,8.15,8.11,8.01,181298.31,-0.04,-0.49,8.018,8.113,8.16,222023.5,249637.28,368754.93,0.32
2014-04-29,7.85,8.2,8.15,7.82,321923.59,0.29,3.69,8.006,8.137,8.139,220807.65,261764.03,367691.53,0.58
2014-04-28,7.95,8.01,7.86,7.82,231297.33,-0.09,-1.13,8.002,8.149,8.11,231391.57,270346.69,360544.95,0.41
2014-04-25,8.05,8.09,7.95,7.94,194446.39,-0.07,-0.87,8.056,8.217,8.102,243126.74,278490.63,358499.6,0.35
2014-04-24,8.04,8.15,8.02,7.99,181151.88,-0.03,-0.37,8.14,8.276,8.091,248740.25,320142.88,363787.68,0.32
2014-04-23,8.1,8.14,8.05,8.0,175219.06,-0.08,-0.98,8.208,8.335,8.079,277251.07,427381.91,364634.7,0.31
2014-04-22,8.11,8.18,8.13,7.93,374843.19,0.0,0.0,8.268,8.342,8.065,302720.4,457014.32,373324.24,0.67
2014-04-21,8.29,8.41,8.13,8.1,289973.16,-0.24,-2.87,8.296,8.345,8.05,309301.81,494636.22,386286.39,0.52
2014-04-18,8.3,8.44,8.37,8.21,222513.98,0.01,0.12,8.378,8.333,8.022,313854.52,505053.59,397079.11,0.4
2014-04-17,8.4,8.48,8.36,8.27,323705.94,0.01,0.12,8.412,8.268,7.967,391545.51,504963.12,397067.09,0.58
2014-04-16,8.26,8.48,8.35,8.25,302565.75,0.08,0.97,8.462,8.206,7.918,577512.74,487872.58,388210.73,0.54
2014-04-15,8.5,8.5,8.27,8.21,407750.22,-0.27,-3.16,8.416,8.14,7.872,611308.24,473619.04,383805.58,0.73
2014-04-14,8.55,8.62,8.54,8.44,312736.69,0.0,0.0,8.394,8.071,7.831,679970.64,450743.21,372487.54,0.56
2014-04-11,8.57,8.69,8.54,8.46,610968.94,-0.07,-0.81,8.288,7.987,7.774,696252.67,438508.58,370522.34,1.09
2014-04-10,8.15,8.73,8.61,8.14,1253542.12,0.49,6.03,8.124,7.906,7.719,618380.74,407432.48,361473.56,2.24
2014-04-09,8.3,8.34,8.12,8.08,471543.25,-0.04,-0.49,7.95,7.822,7.661,398232.41,301887.5,312257.94,0.84
2014-04-08,7.93,8.36,8.16,7.9,751062.19,0.15,1.87,7.864,7.788,7.631,335929.84,289634.15,300344.08,1.34
2014-04-04,7.68,8.05,8.01,7.65,394146.84,0.29,3.76,7.748,7.755,7.599,221515.79,277936.55,278721.51,0.7
2014-04-03,7.79,7.91,7.72,7.71,221609.28,-0.02,-0.26,7.686,7.71,7.592,180764.49,289104.62,269359.38,0.4
2014-04-02,7.69,7.78,7.74,7.65,152800.5,0.05,0.65,7.688,7.665,7.602,196484.22,289171.05,269576.02,0.27
2014-04-01,7.6,7.72,7.69,7.57,160030.38,0.11,1.45,7.694,7.63,7.609,205542.59,288548.89,272893.65,0.29
2014-03-31,7.75,7.77,7.58,7.55,178991.95,-0.12,-1.56,7.712,7.603,7.621,243338.46,293992.11,273633.94,0.32
2014-03-28,7.71,7.83,7.7,7.65,190390.34,-0.03,-0.39,7.762,7.591,7.636,334357.32,294231.86,276468.31,0.34
2014-03-27,7.75,7.86,7.73,7.6,300207.91,-0.04,-0.52,7.734,7.561,7.652,397444.75,302536.09,289070.11,0.54
2014-03-26,7.87,7.95,7.77,7.75,198092.36,-0.01,-0.13,7.642,7.532,7.65,381857.89,315514.65,284739.93,0.35
2014-03-25,7.79,7.94,7.78,7.75,349009.72,-0.05,-0.64,7.566,7.5,7.649,371555.19,322628.38,283964.14,0.62
2014-03-24,7.56,7.96,7.83,7.51,634086.25,0.27,3.57,7.494,7.474,7.647,344645.77,311054.02,279485.55,1.13
2014-03-21,7.26,7.59,7.56,7.23,505827.53,0.29,3.99,7.42,7.443,7.653,254106.41,279506.47,261657.56,0.9
2014-03-20,7.39,7.45,7.27,7.26,222273.59,-0.12,-1.62,7.388,7.473,7.683,207627.43,249614.13,256269.28,0.4
2014-03-19,7.4,7.41,7.39,7.33,146578.86,-0.03,-0.4,7.422,7.538,7.739,249171.42,249980.98,259927.89,0.26
2014-03-18,7.47,7.48,7.42,7.39,214462.62,-0.04,-0.54,7.434,7.588,7.797,273701.58,257238.42,267442.17,0.38
2014-03-17,7.45,7.49,7.46,7.37,181389.44,0.06,0.81,7.454,7.638,7.85,277462.27,253275.78,273619.09,0.32
2014-03-14,7.38,7.5,7.4,7.35,273432.66,-0.04,-0.54,7.466,7.681,7.915,304906.54,258704.76,275184.34,0.49
2014-03-13,7.46,7.63,7.44,7.38,429993.5,-0.01,-0.13,7.558,7.743,7.979,291600.83,275604.12,269587.6,0.77
2014-03-12,7.48,7.55,7.45,7.33,269229.66,-0.07,-0.93,7.654,7.768,8.038,250790.55,253965.22,261193.83,0.48
2014-03-11,7.52,7.58,7.52,7.42,233266.11,0.0,0.0,7.742,7.798,8.102,240775.26,245299.89,258229.37,0.42
2014-03-10,7.78,7.84,7.52,7.48,318610.78,-0.34,-4.33,7.822,7.819,8.162,229089.28,247917.08,261776.08,0.57
2014-03-07,7.9,8.02,7.86,7.82,206904.09,-0.06,-0.76,7.896,7.862,8.22,212502.97,243808.65,257394.99,0.37
2014-03-06,7.86,8.01,7.92,7.77,225942.09,0.03,0.38,7.928,7.893,8.251,259607.41,262924.43,253057.72,0.4
2014-03-05,7.95,8.05,7.89,7.73,219153.22,-0.03,-0.38,7.882,7.939,8.278,257139.89,269874.81,248152.15,0.39
2014-03-04,7.91,7.96,7.92,7.82,174836.2,0.03,0.38,7.854,8.005,8.316,249824.53,277645.92,242848.13,0.31
2014-03-03,7.96,7.98,7.89,7.86,235679.25,-0.13,-1.62,7.816,8.062,8.351,266744.89,293962.4,241491.95,0.42
2014-02-28,7.67,8.09,8.02,7.67,442426.31,0.33,4.29,7.828,8.148,8.384,275114.32,291663.92,239680.08,0.79
2014-02-27,7.78,7.87,7.69,7.65,213604.45,-0.06,-0.77,7.858,8.215,8.424,266241.45,263571.08,229998.38,0.38
2014-02-26,7.71,7.78,7.75,7.63,182576.44,0.02,0.26,7.996,8.307,8.475,282609.73,268422.45,231235.65,0.33
2014-02-25,7.96,8.03,7.73,7.71,259438.0,-0.22,-2.77,8.156,8.406,8.529,305467.31,271158.84,245884.79,0.46
2014-02-24,8.09,8.1,7.95,7.9,277526.41,-0.22,-2.69,8.308,8.505,8.576,321179.9,275635.08,240962.9,0.5
2014-02-21,8.38,8.38,8.17,8.08,398061.94,-0.21,-2.51,8.468,8.577,8.605,308213.51,270981.33,230641.21,0.71
2014-02-20,8.56,8.65,8.38,8.36,295445.84,-0.17,-1.99,8.572,8.609,8.623,260900.7,243191.01,220740.25,0.53
2014-02-19,8.43,8.61,8.55,8.4,296864.38,0.06,0.71,8.618,8.617,8.634,254235.17,226429.5,211776.55,0.53
2014-02-18,8.77,8.77,8.49,8.45,338000.94,-0.26,-2.97,8.656,8.626,8.638,236850.37,208050.34,201535.47,0.6
2014-02-17,8.78,8.82,8.75,8.69,212694.47,0.06,0.69,8.702,8.639,8.645,230090.25,189021.51,190359.21,0.38
2014-02-14,8.61,8.71,8.69,8.61,161497.88,0.08,0.93,8.686,8.62,8.632,233749.15,187696.24,185584.64,0.29
2014-02-13,8.71,8.76,8.61,8.6,262118.19,-0.13,-1.49,8.646,8.632,8.622,225481.32,196425.68,185524.6,0.47
2014-02-12,8.73,8.84,8.74,8.67,209940.39,0.02,0.23,8.616,8.643,8.619,198623.82,194048.85,180385.92,0.38
2014-02-11,8.64,8.82,8.72,8.63,304200.31,0.05,0.58,8.596,8.652,8.615,179250.31,220610.74,178790.26,0.54
2014-02-10,8.51,8.69,8.67,8.51,230989.0,0.18,2.12,8.576,8.647,8.611,147952.78,206290.73,169794.29,0.41
2014-02-07,8.38,8.51,8.49,8.32,120158.72,0.03,0.35,8.554,8.632,8.615,141643.33,190301.09,177156.45,0.21
2014-01-30,8.61,8.64,8.46,8.46,127830.67,-0.18,-2.08,8.618,8.637,8.621,167370.03,198289.49,186401.11,0.23
2014-01-29,8.66,8.69,8.64,8.6,113072.87,0.02,0.23,8.67,8.651,8.64,189473.88,197123.6,192125.67,0.2
2014-01-28,8.6,8.66,8.62,8.54,147712.62,0.06,0.7,8.708,8.649,8.656,261971.16,195020.6,203756.09,0.26
2014-01-27,8.71,8.75,8.56,8.55,199441.77,-0.25,-2.84,8.718,8.65,8.666,264628.69,191696.92,208470.18,0.36
2014-01-24,8.71,8.87,8.81,8.68,248792.23,0.09,1.03,8.71,8.644,8.684,238958.84,183473.04,213001.55,0.44
2014-01-23,8.79,8.81,8.72,8.7,238349.89,-0.11,-1.25,8.656,8.612,8.68,229208.94,174623.52,209441.66,0.43
2014-01-22,8.7,8.85,8.83,8.64,475559.28,0.16,1.84,8.632,8.594,8.688,204773.32,166722.99,207155.75,0.85
2014-01-21,8.54,8.75,8.67,8.54,161000.28,0.15,1.76,8.59,8.578,8.686,128070.03,136969.79,190639.04,0.29
2014-01-20,8.51,8.58,8.52,8.48,71092.54,-0.02,-0.23,8.582,8.575,8.69,118765.14,133297.84,192920.37,0.13
2014-01-17,8.56,8.64,8.54,8.42,200042.7,-0.06,-0.7,8.578,8.598,8.703,127987.23,164011.82,201577.68,0.36
2014-01-16,8.62,8.71,8.6,8.56,116171.8,-0.02,-0.23,8.568,8.604,8.723,120038.1,174512.73,200582.89,0.21
2014-01-15,8.6,8.69,8.62,8.51,92042.84,-0.01,-0.12,8.556,8.629,8.741,128672.65,187127.75,201913.55,0.16
2014-01-14,8.5,8.66,8.63,8.48,114475.84,0.13,1.53,8.566,8.663,8.754,145869.55,212491.59,206271.58,0.2
2014-01-13,8.48,8.55,8.5,8.44,117202.97,0.01,0.12,8.568,8.682,8.768,147830.54,225243.45,215827.09,0.21
2014-01-10,8.53,8.58,8.49,8.43,160297.06,-0.05,-0.58,8.618,8.723,8.8,200036.4,242530.07,219491.21,0.29
2014-01-09,8.65,8.79,8.54,8.53,159344.56,-0.13,-1.5,8.64,8.747,8.829,228987.35,244259.8,222488.25,0.28
2014-01-08,8.68,8.85,8.67,8.62,178027.31,0.03,0.35,8.702,8.782,8.856,245582.84,247588.51,232766.72,0.32
2014-01-07,8.65,8.77,8.64,8.6,124280.81,-0.11,-1.26,8.76,8.793,8.891,279113.63,244308.28,239506.25,0.22
2014-01-06,8.6,8.81,8.75,8.41,378232.28,0.15,1.74,8.796,8.804,8.93,302656.36,252542.89,245831.88,0.68
2014-01-03,8.8,8.8,8.6,8.58,305051.78,-0.25,-2.83,8.828,8.807,8.966,285023.73,239143.55,245767.1,0.54
2014-01-02,8.95,8.99,8.85,8.75,242322.03,-0.11,-1.23,8.854,8.842,9.02,259532.25,226653.05,252216.92,0.43
2013-12-31,8.78,8.99,8.96,8.75,345681.25,0.14,1.59,8.862,8.853,9.056,249594.18,216699.35,263071.94,0.62
2013-12-30,8.96,8.97,8.82,8.78,241994.45,-0.09,-1.01,8.826,8.845,9.084,209502.94,200051.58,266464.53,0.43
2013-12-27,8.75,8.94,8.91,8.69,290069.12,0.18,2.06,8.812,8.853,9.12,202429.42,206410.74,313091.33,0.52
2013-12-26,8.9,8.9,8.73,8.71,177594.39,-0.16,-1.8,8.786,8.876,9.135,193263.37,196452.35,310763.96,0.32
2013-12-25,8.8,8.91,8.89,8.75,192631.69,0.11,1.25,8.83,8.911,9.159,193773.86,200716.69,324704.2,0.34
2013-12-24,8.76,8.86,8.78,8.68,145225.03,0.03,0.34,8.844,8.93,9.175,183804.51,217944.94,345329.23,0.26
2013-12-23,8.78,8.87,8.75,8.64,206626.89,-0.03,-0.34,8.864,8.988,9.184,190600.22,234704.22,354216.37,0.37
2013-12-20,8.95,8.99,8.78,8.73,244238.84,-0.17,-1.9,8.894,9.056,9.191,210392.05,239120.88,363593.64,0.44
2013-12-19,9.0,9.09,8.95,8.9,180146.83,-0.01,-0.11,8.966,9.125,9.196,199641.32,252390.66,368034.0,0.32
2013-12-18,8.92,9.06,8.96,8.9,142784.98,0.08,0.9,8.992,9.197,9.195,207659.53,277780.79,381346.6,0.26
2013-12-17,8.9,9.02,8.88,8.84,179203.58,-0.02,-0.23,9.016,9.259,9.199,252085.36,309444.54,386003.14,0.32
2013-12-16,9.21,9.25,8.9,8.88,305586.03,-0.24,-2.63,9.112,9.323,9.205,278808.22,332877.48,395306.05,0.55
2013-12-13,9.0,9.19,9.14,8.97,190485.2,0.06,0.66,9.218,9.386,9.217,267849.7,419771.92,420717.2,0.34
2013-12-12,9.04,9.18,9.08,9.04,220237.86,0.0,0.0,9.284,9.394,9.19,305140.0,425075.58,440350.38,0.39
2013-12-11,9.27,9.3,9.08,9.0,364914.12,-0.28,-2.99,9.402,9.406,9.146,347902.05,448691.7,436635.0,0.65
2013-12-10,9.43,9.49,9.36,9.3,312817.88,-0.07,-0.74,9.502,9.42,9.1,366803.72,472713.52,427610.52,0.56
2013-12-09,9.48,9.65,9.43,9.41,250793.45,-0.04,-0.42,9.534,9.38,9.052,386946.75,473728.53,420785.72,0.45
2013-12-06,9.63,9.67,9.47,9.44,376936.69,-0.2,-2.07,9.554,9.325,8.994,571694.13,488066.4,415708.38,0.67
2013-12-05,9.58,9.78,9.67,9.49,434048.09,0.09,0.94,9.504,9.267,8.936,545011.16,483677.33,408360.29,0.78
2013-12-04,9.53,9.75,9.58,9.47,459422.47,0.06,0.63,9.41,9.193,8.878,549481.36,484912.41,394846.71,0.82
2013-12-03,9.55,9.56,9.52,9.38,413533.03,-0.01,-0.1,9.338,9.139,8.827,578623.32,462561.75,378270.4,0.74
2013-12-02,9.5,9.84,9.53,9.34,1174530.38,0.31,3.36,9.226,9.087,8.786,560510.31,457734.63,366745.23,2.1
2013-11-29,9.22,9.26,9.22,9.16,243521.84,0.02,0.22,9.096,9.048,8.747,404438.66,421662.48,317753.78,0.44
2013-11-28,9.22,9.35,9.2,9.16,456399.09,-0.02,-0.22,9.03,8.986,8.729,422343.51,455625.18,317603.31,0.82
2013-11-27,8.97,9.28,9.22,8.91,605132.25,0.26,2.9,8.976,8.885,8.704,420343.45,424578.3,303562.07,1.08
2013-11-26,8.88,9.14,8.96,8.86,322967.97,0.08,0.9,8.94,8.779,8.679,346500.18,382507.52,285374.74,0.58
2013-11-25,8.86,9.13,8.88,8.78,394172.16,-0.01,-0.11,8.948,8.723,8.663,354958.95,367842.92,288421.03,0.7
2013-11-22,8.98,9.05,8.89,8.87,333046.06,-0.04,-0.45,9.0,8.663,8.645,438886.31,343350.36,283389.66,0.59
2013-11-21,8.98,9.0,8.93,8.73,446398.81,-0.11,-1.22,8.942,8.605,8.632,488906.86,333043.24,281310.75,0.8
2013-11-20,9.11,9.17,9.04,8.95,235915.91,0.04,0.44,8.794,8.562,8.622,428813.14,304781.02,270059.82,0.42
2013-11-19,9.13,9.13,9.0,8.95,365261.81,-0.14,-1.53,8.618,8.515,8.614,418514.85,293979.04,273646.74,0.65
2013-11-18,8.72,9.16,9.14,8.63,813808.94,0.54,6.28,8.498,8.485,8.613,380726.89,275755.84,270930.42,1.45
2013-11-15,8.25,8.87,8.6,8.22,583148.81,0.41,5.01,8.326,8.446,8.615,247814.42,213845.07,244256.83,1.04
2013-11-14,8.15,8.23,8.19,8.13,145930.23,0.03,0.37,8.268,8.471,8.638,177179.62,179581.43,232086.73,0.26
2013-11-13,8.31,8.33,8.16,8.15,184424.48,-0.24,-2.86,8.33,8.523,8.673,180748.9,182545.84,238158.06,0.33
2013-11-12,8.31,8.41,8.4,8.29,176321.98,0.12,1.45,8.412,8.579,8.706,169443.23,188241.97,247072.78,0.31
2013-11-11,8.28,8.36,8.28,8.22,149246.59,-0.03,-0.36,8.472,8.602,8.722,170784.79,208999.15,250796.5,0.27
2013-11-08,8.45,8.53,8.31,8.24,229974.84,-0.19,-2.23,8.566,8.627,8.746,179875.73,223428.95,256438.17,0.41
2013-11-07,8.54,8.62,8.5,8.44,163776.59,-0.07,-0.82,8.674,8.659,8.772,181983.24,229578.26,257994.83,0.29
2013-11-06,8.66,8.73,8.57,8.56,127896.14,-0.13,-1.49,8.716,8.682,8.789,184342.78,235338.62,263883.47,0.23
2013-11-05,8.69,8.72,8.7,8.54,183029.8,-0.05,-0.57,8.746,8.712,8.803,207040.72,253314.45,272949.29,0.33
2013-11-04,8.89,8.94,8.75,8.73,194701.27,-0.1,-1.13,8.732,8.741,8.811,247213.51,266105.01,279372.11,0.35
2013-11-01,8.76,8.91,8.85,8.69,240512.41,0.14,1.61,8.688,8.783,8.815,266982.17,274668.58,285885.26,0.43
2013-10-31,8.74,8.78,8.71,8.65,175574.27,-0.01,-0.12,8.644,8.804,8.813,277173.28,284592.03,289666.33,0.31
2013-10-30,8.68,8.74,8.72,8.56,241385.83,0.09,1.04,8.648,8.823,8.822,286334.46,293770.28,300038.33,0.43
2013-10-29,8.55,8.78,8.63,8.39,383893.75,0.1,1.17,8.678,8.832,8.832,299588.18,305903.58,305903.58,0.69
2013-10-28,8.62,8.67,8.53,8.39,293544.59,-0.1,-1.16,8.75,8.854,8.854,284996.51,297238.01,297238.01,0.52
2013-10-25,8.73,8.87,8.63,8.59,291467.94,-0.1,-1.15,8.878,8.895,8.895,282354.99,297699.69,297699.69,0.52
2013-10-24,8.84,8.87,8.73,8.7,221380.17,-0.14,-1.58,8.964,8.933,8.933,292010.79,298589.94,298589.94,0.4
2013-10-23,9.03,9.19,8.87,8.84,307654.44,-0.12,-1.33,8.998,8.967,8.967,301206.11,311458.23,311458.23,0.55
2013-10-22,9.16,9.17,8.99,8.95,310935.41,-0.18,-1.96,8.986,8.986,8.986,312218.99,312218.99,312218.99,0.56
2013-10-21,9.09,9.19,9.17,8.96,280336.97,0.11,1.21,8.985,8.985,8.985,312539.88,312539.88,312539.88,0.5
2013-10-18,8.9,9.19,9.06,8.86,339746.94,0.16,1.8,8.923,8.923,8.923,323274.19,323274.19,323274.19,0.61
2013-10-17,8.87,9.08,8.9,8.77,267356.78,0.09,1.02,8.855,8.855,8.855,315037.81,315037.81,315037.81,0.48
2013-10-16,9.02,9.06,8.81,8.74,362718.84,-0.27,-2.97,8.81,8.81,8.81,362718.84,362718.84,362718.84,0.65
